0 3908
1 3907
2 3907
3 3908
4 3908
5 3904
6 3907
7 3905
8 3905
9 3907
10 3904
11 3907
12 3905
13 3905
14 3908
15 3907
16 3904
17 3910
18 3904
19 3904
20 3907
21 3907
22 3905
23 3908
24 3908
25 3905
26 3904
27 3904
28 3907
29 3908
30 3908
31 3908
32 3905
33 3904
34 3907
35 3907
36 3907
37 3904
38 3905
39 3907
40 3904
41 3907
42 3904
43 3907
44 3908
45 3904
46 3904
47 3907
48 3907
49 3907
50 3907
51 3904
52 3907
53 3907
54 3910
55 3904
56 3907
57 3904
58 3908
59 3905
60 3904
61 3904
62 3904
63 3907
64 3904
65 3904
66 3904
67 3907
68 3904
69 3904
70 3904
71 3910
72 3909
73 3908
74 3907
75 3904
76 3908
77 3904
78 3904
79 3904
80 3907
81 3904
82 3904
83 3904
84 3904
85 3907
86 3910
87 3904
88 3904
89 3904
90 3904
91 3908
92 3904
93 3904
94 3907
95 3904
96 3904
97 3910
98 3904
99 3907
100 3904
101 3904
102 3907
103 3908
104 3905
105 3904
106 3907
107 3904
108 3907
109 3908
110 3907
111 3907
112 3908
113 3904
114 3904
115 3905
116 3905
117 3908
118 3904
119 3905
120 3904
121 3907
122 3907
123 3904
124 3904
125 3910
126 3905
127 3908
128 3904
129 3910
130 3907
131 3907
132 3907
133 3904
134 3908
135 3907
136 3904
137 3904
138 3909
139 3907
140 3907
141 3905
142 3904
143 3904
144 3904
145 3904
146 3904
147 3907
148 3904
149 3904
150 3905
151 3907
152 3904
153 3907
154 3910
155 3904
156 3904
157 3910
158 3910
159 3904
160 3907
161 3907
162 3904
163 3905
164 3907
165 3907
166 3907
167 3907
168 3904
169 3904
170 3907
171 3905
172 3904
173 3904
174 3905
175 3904
176 3904
177 3907
178 3905
179 3904
180 3907
181 3907
182 3907
183 3907
184 3907
185 3904
186 3908
187 3910
188 3907
189 3908
190 3907
191 3908
192 3904
193 3904
194 3907
195 3904
196 3904
197 3907
198 3907
199 3904
200 3907
201 3907
202 3905
203 3904
204 3905
205 3908
206 3907
207 3904
208 3905
209 3904
210 3908
211 3904
212 3904
213 3908
214 3905
215 3905
216 3904
217 3905
218 3906
219 3905
220 3907
221 3909
222 3908
223 3904
224 3905
225 3904
226 3905
227 3907
228 3905
229 3908
230 3905
231 3905
232 3904
233 3904
234 3910
235 3904
236 3907
237 3907
238 3906
239 3907
240 3907
241 3907
242 3904
243 3904
244 3908
245 3904
246 3907
247 3904
248 3907
249 3904
250 3908
251 3904
252 3904
253 3904
254 3909
255 3908
256 3904
257 3904
258 3904
259 3907
260 3904
261 3907
262 3905
263 3904
264 3907
265 3905
266 3907
267 3904
268 3905
269 3904
270 3907
271 3904
272 3904
273 3908
274 3907
275 3905
276 3904
277 3905
278 3905
279 3907
280 3907
281 3907
282 3907
283 3907
284 3907
285 3907
286 3904
287 3907
288 3904
289 3908
290 3908
291 3907
292 3905
293 3907
294 3904
295 3907
296 3904
297 3905
298 3904
299 3907
300 3907
301 3905
302 3904
303 3904
304 3904
305 3907
306 3907
307 3907
308 3908
309 3908
310 3907
311 3904
312 3904
313 3904
314 3904
315 3904
316 3907
317 3904
318 3904
319 3904
320 3907
321 3907
322 3908
323 3907
324 3904
325 3907
326 3904
327 3907
328 3908
329 3904
330 3905
331 3904
332 3904
333 3904
334 3910
335 3904
336 3904
337 3908
338 3904
339 3904
340 3904
341 3904
342 3907
343 3908
344 3907
345 3904
346 3907
347 3904
348 3907
349 3904
350 3907
351 3907
352 3907
353 3904
354 3907
355 3908
356 3907
357 3905
358 3907
359 3904
360 3907
361 3904
362 3904
363 3904
364 3907
365 3905
366 3905
367 3905
368 3904
369 3907
370 3908
371 3904
372 3904
373 3908
374 3904
375 3904
376 3904
377 3907
378 3907
379 3907
380 3907
381 3904
382 3904
383 3904
384 3904
385 3907
386 3907
387 3904
388 3904
389 3904
390 3907
391 3904
392 3907
393 3907
394 3907
395 3905
396 3904
397 3907
398 3907
399 3908
400 3904
401 3907
402 3904
403 3905
404 3908
405 3905
406 3904
407 3907
408 3905
409 3910
410 3904
411 3907
412 3907
413 3907
414 3910
415 3907
416 3904
417 3904
418 3907
419 3908
420 3904
421 3907
422 3904
423 3910
424 3908
425 3904
426 3904
427 3908
428 3904
429 3904
430 3904
431 3904
432 3904
433 3905
434 3907
435 3907
436 3905
437 3905
438 3905
439 3904
440 3904
441 3904
442 3904
443 3904
444 3905
445 3907
446 3904
447 3907
448 3904
449 3907
450 3908
451 3907
452 3904
453 3904
454 3908
455 3904
456 3904
457 3905
458 3910
459 3907
460 3907
461 3904
462 3904
463 3904
464 3904
465 3907
466 3905
467 3904
468 3908
469 3907
470 3907
471 3904
472 3908
473 3907
474 3904
475 3904
476 3907
477 3908
478 3907
479 3907
480 3904
481 3905
482 3904
483 3904
484 3907
485 3907
486 3907
487 3910
488 3907
489 3907
490 3907
491 3907
492 3905
493 3904
494 3907
495 3910
496 3904
497 3905
498 3907
499 3905
500 3907
501 3905
502 3904
503 3907
504 3904
505 3907
506 3907
507 3904
508 3910
509 3904
510 3907
511 3907
512 3904
513 3904
514 3904
515 3907
516 3904
517 3904
518 3907
519 3905
520 3908
521 3908
522 3904
523 3907
524 3906
525 3904
526 3904
527 3907
528 3907
529 3910
530 3905
531 3908
532 3904
533 3910
534 3905
535 3904
536 3908
537 3905
538 3905
539 3904
540 3907
541 3910
542 3905
543 3907
544 3905
545 3904
546 3904
547 3904
548 3907
549 3905
550 3907
551 3908
552 3907
553 3907
554 3904
555 3905
556 3904
557 3907
558 3904
559 3910
560 3907
561 3904
562 3905
563 3908
564 3904
565 3905
566 3907
567 3904
568 3905
569 3907
570 3905
571 3910
572 3907
573 3907
574 3904
575 3908
576 3904
577 3908
578 3908
579 3904
580 3907
581 3904
582 3907
583 3907
584 3907
585 3905
586 3909
587 3904
588 3905
589 3904
590 3908
591 3904
592 3905
593 3904
594 3904
595 3904
596 3907
597 3904
598 3907
599 3905
600 3905
601 3904
602 3904
603 3910
604 3907
605 3904
606 3904
607 3907
608 3907
609 3905
610 3904
611 3907
612 3905
613 3907
614 3910
615 3908
616 3904
617 3907
618 3907
619 3907
620 3904
621 3905
622 3907
623 3910
624 3905
625 3904
626 3908
627 3907
628 3907
629 3907
630 3907
631 3905
632 3907
633 3907
634 3905
635 3905
636 3904
637 3907
638 3907
639 3905
640 3905
641 3905
642 3908
643 3904
644 3910
645 3905
646 3907
647 3904
648 3904
649 3905
650 3904
651 3908
652 3907
653 3907
654 3905
655 3905
656 3904
657 3907
658 3908
659 3907
660 3905
661 3905
662 3905
663 3904
664 3904
665 3904
666 3910
667 3911
668 3907
669 3904
670 3907
671 3907
672 3904
673 3904
674 3907
675 3904
676 3907
677 3910
678 3904
679 3907
680 3907
681 3910
682 3908
683 3905
684 3908
685 3910
686 3904
687 3909
688 3904
689 3908
690 3904
691 3904
692 3904
693 3907
694 3907
695 3905
696 3905
697 3904
698 3904
699 3910
700 3904
701 3908
702 3910
703 3904
704 3907
705 3907
706 3907
707 3904
708 3905
709 3905
710 3910
711 3910
712 3904
713 3904
714 3907
715 3907
716 3907
717 3904
718 3904
719 3904
720 3907
721 3905
722 3905
723 3907
724 3905
725 3907
726 3909
727 3907
728 3905
729 3908
730 3907
731 3907
732 3907
733 3905
734 3907
735 3904
736 3905
737 3904
738 3905
739 3905
740 3907
741 3904
742 3904
743 3904
744 3910
745 3904
746 3904
747 3910
748 3910
749 3907
750 3907
751 3908
752 3904
753 3907
754 3904
755 3905
756 3904
757 3905
758 3907
759 3904
760 3907
761 3909
762 3904
763 3904
764 3907
765 3904
766 3908
767 3904
768 3907
769 3904
770 3905
771 3907
772 3904
773 3905
774 3907
775 3904
776 3904
777 3904
778 3910
779 3904
780 3904
781 3907
782 3908
783 3907
784 3906
785 3907
786 3904
787 3904
788 3908
789 3904
790 3907
791 3904
792 3907
793 3905
794 3909
795 3904
796 3907
797 3908
798 3904
799 3908
800 3905
801 3907
802 3907
803 3905
804 3910
805 3904
806 3904
807 3904
808 3907
809 3907
810 3907
811 3907
812 3904
813 3910
814 3905
815 3905
816 3908
817 3907
818 3908
819 3907
820 3908
821 3907
822 3904
823 3905
824 3904
825 3904
826 3904
827 3904
828 3907
829 3904
830 3910
831 3907
832 3904
833 3905
834 3905
835 3904
836 3910
837 3910
838 3905
839 3904
840 3907
841 3904
842 3904
843 3907
844 3904
845 3904
846 3907
847 3907
848 3905
849 3905
850 3907
851 3908
852 3904
853 3904
854 3904
855 3907
856 3907
857 3905
858 3907
859 3907
860 3907
861 3904
862 3909
863 3904
864 3905
865 3907
866 3904
867 3908
868 3904
869 3907
870 3907
871 3905
872 3907
873 3905
874 3904
875 3904
876 3907
877 3910
878 3904
879 3904
880 3904
881 3908
882 3904
883 3904
884 3905
885 3907
886 3907
887 3907
888 3910
889 3905
890 3904
891 3904
892 3907
893 3907
894 3907
895 3907
896 3904
897 3908
898 3904
899 3905
900 3907
901 3905
902 3908
903 3908
904 3905
905 3905
906 3904
907 3904
908 3905
909 3904
910 3904
911 3905
912 3905
913 3907
914 3907
915 3905
916 3910
917 3904
918 3907
919 3909
920 3906
921 3910
922 3905
923 3907
924 3905
925 3904
926 3907
927 3904
928 3904
929 3905
930 3911
931 3904
932 3904
933 3910
934 3907
935 3907
936 3907
937 3907
938 3907
939 3904
940 3905
941 3904
942 3907
943 3904
944 3904
945 3908
946 3905
947 3905
948 3904
949 3907
950 3907
951 3905
952 3908
953 3910
954 3904
955 3905
956 3905
957 3907
958 3909
959 3909
960 3907
961 3904
962 3910
963 3904
964 3907
965 3904
966 3904
967 3907
968 3908
969 3907
970 3904
971 3905
972 3908
973 3904
974 3909
975 3907
976 3909
977 3904
978 3905
979 3904
980 3907
981 3904
982 3904
983 3905
984 3904
985 3907
986 3904
987 3910
988 3907
989 3907
990 3907
991 3908
992 3905
993 3907
994 3905
995 3910
996 3905
997 3907
998 3904
999 3905
1000 3908
1001 3905
1002 3904
1003 3904
1004 3904
1005 3906
1006 3907
1007 3904
1008 3907
1009 3904
1010 3908
1011 3907
1012 3907
1013 3904
1014 3905
1015 3908
1016 3904
1017 3907
1018 3904
1019 3910
1020 3904
1021 3910
1022 3905
1023 3909
1024 3905
1025 3907
1026 3904
1027 3904
1028 3907
1029 3907
1030 3904
1031 3908
1032 3907
1033 3904
1034 3904
1035 3910
1036 3907
1037 3904
1038 3910
1039 3909
1040 3904
1041 3910
1042 3904
1043 3904
1044 3904
1045 3907
1046 3904
1047 3908
1048 3905
1049 3907
1050 3908
1051 3904
1052 3905
1053 3904
1054 3904
1055 3907
1056 3904
1057 3904
1058 3904
1059 3904
1060 3907
1061 3907
1062 3905
1063 3904
1064 3907
1065 3907
1066 3904
1067 3907
1068 3907
1069 3905
1070 3909
1071 3908
1072 3905
1073 3904
1074 3904
1075 3907
1076 3908
1077 3907
1078 3904
1079 3905
1080 3904
1081 3907
1082 3907
1083 3907
1084 3904
1085 3907
1086 3905
1087 3904
1088 3907
1089 3908
1090 3908
1091 3905
1092 3910
1093 3907
1094 3904
1095 3904
1096 3905
1097 3905
1098 3910
1099 3904
1100 3910
1101 3904
1102 3904
1103 3908
1104 3907
1105 3904
1106 3904
1107 3910
1108 3905
1109 3905
1110 3904
1111 3904
1112 3904
1113 3908
1114 3909
1115 3904
1116 3907
1117 3910
1118 3910
1119 3907
1120 3904
1121 3904
1122 3907
1123 3909
1124 3904
1125 3905
1126 3907
1127 3909
1128 3905
1129 3904
1130 3905
1131 3904
1132 3907
1133 3904
1134 3907
1135 3905
1136 3904
1137 3907
1138 3905
1139 3907
1140 3905
1141 3908
1142 3907
1143 3904
1144 3910
1145 3904
1146 3905
1147 3907
1148 3907
1149 3905
1150 3907
1151 3904
1152 3904
1153 3905
1154 3904
1155 3907
1156 3904
1157 3904
1158 3905
1159 3905
1160 3907
1161 3907
1162 3904
1163 3905
1164 3905
1165 3904
1166 3905
1167 3905
1168 3907
1169 3907
1170 3907
1171 3907
1172 3905
1173 3904
1174 3907
1175 3904
1176 3905
1177 3907
1178 3905
1179 3904
1180 3910
1181 3905
1182 3904
1183 3904
1184 3910
1185 3904
1186 3905
1187 3905
1188 3907
1189 3904
1190 3909
1191 3905
1192 3907
1193 3907
1194 3910
1195 3910
1196 3907
1197 3904
1198 3904
1199 3904
1200 3907
1201 3905
1202 3907
1203 3907
1204 3908
1205 3904
1206 3904
1207 3905
1208 3910
1209 3907
1210 3906
1211 3904
1212 3904
1213 3904
1214 3910
1215 3904
1216 3907
1217 3905
1218 3907
1219 3911
1220 3907
1221 3904
1222 3905
1223 3907
1224 3907
1225 3910
1226 3904
1227 3905
1228 3905
1229 3905
1230 3910
1231 3906
1232 3908
1233 3904
1234 3904
1235 3904
1236 3905
1237 3907
1238 3907
1239 3907
1240 3907
1241 3906
1242 3907
1243 3907
1244 3904
1245 3907
1246 3907
1247 3907
1248 3904
1249 3907
1250 3910
1251 3904
1252 3907
1253 3905
1254 3910
1255 3904
1256 3907
1257 3907
1258 3904
1259 3910
1260 3905
1261 3905
1262 3904
1263 3905
1264 3904
1265 3905
1266 3904
1267 3907
1268 3907
1269 3904
1270 3904
1271 3907
1272 3910
1273 3905
1274 3907
1275 3904
1276 3904
1277 3908
1278 3907
1279 3904
1280 3907
1281 3907
1282 3907
1283 3907
1284 3907
1285 3907
1286 3905
1287 3907
1288 3908
1289 3904
1290 3909
1291 3907
1292 3904
1293 3904
1294 3907
1295 3905
1296 3904
1297 3908
1298 3904
1299 3904
1300 3908
1301 3907
1302 3907
1303 3905
1304 3905
1305 3907
1306 3907
1307 3904
1308 3907
1309 3909
1310 3907
1311 3910
1312 3907
1313 3909
1314 3904
1315 3904
1316 3908
1317 3904
1318 3907
1319 3907
1320 3905
1321 3907
1322 3904
1323 3910
1324 3908
1325 3907
1326 3907
1327 3905
1328 3904
1329 3907
1330 3907
1331 3907
1332 3907
1333 3907
1334 3904
1335 3908
1336 3907
1337 3907
1338 3910
1339 3907
1340 3907
1341 3904
1342 3904
1343 3910
1344 3905
1345 3910
1346 3904
1347 3907
1348 3905
1349 3904
1350 3907
1351 3908
1352 3907
1353 3907
1354 3908
1355 3905
1356 3904
1357 3907
1358 3904
1359 3905
1360 3905
1361 3909
1362 3907
1363 3906
1364 3910
1365 3907
1366 3907
1367 3907
1368 3905
1369 3904
1370 3904
1371 3909
1372 3905
1373 3907
1374 3904
1375 3905
1376 3907
1377 3908
1378 3907
1379 3904
1380 3910
1381 3907
1382 3910
1383 3910
1384 3904
1385 3904
1386 3905
1387 3909
1388 3904
1389 3904
1390 3908
1391 3905
1392 3907
1393 3910
1394 3907
1395 3907
1396 3906
1397 3904
1398 3907
1399 3910
1400 3905
1401 3904
1402 3907
1403 3907
1404 3908
1405 3906
1406 3910
1407 3905
1408 3906
1409 3905
1410 3909
1411 3907
1412 3907
1413 3907
1414 3907
1415 3908
1416 3907
1417 3904
1418 3905
1419 3909
1420 3907
1421 3907
1422 3904
1423 3904
1424 3904
1425 3907
1426 3905
1427 3907
1428 3907
1429 3904
1430 3905
1431 3904
1432 3904
1433 3908
1434 3904
1435 3904
1436 3904
1437 3908
1438 3905
1439 3907
1440 3904
1441 3905
1442 3905
1443 3907
1444 3910
1445 3907
1446 3910
1447 3910
1448 3907
1449 3905
1450 3908
1451 3904
1452 3907
1453 3907
1454 3905
1455 3904
1456 3910
1457 3905
1458 3904
1459 3904
1460 3907
1461 3905
1462 3904
1463 3910
1464 3909
1465 3904
1466 3905
1467 3905
1468 3904
1469 3907
1470 3904
1471 3904
1472 3904
1473 3907
1474 3910
1475 3907
1476 3910
1477 3908
1478 3907
1479 3904
1480 3904
1481 3907
1482 3904
1483 3905
1484 3910
1485 3907
1486 3904
1487 3907
1488 3905
1489 3910
1490 3907
1491 3910
1492 3905
1493 3904
1494 3909
1495 3910
1496 3904
1497 3905
1498 3907
1499 3904
1500 3907
1501 3904
1502 3907
1503 3905
1504 3907
1505 3908
1506 3910
1507 3904
1508 3910
1509 3907
1510 3908
1511 3905
1512 3907
1513 3908
1514 3907
1515 3905
1516 3904
1517 3907
1518 3908
1519 3907
1520 3907
1521 3908
1522 3904
1523 3907
1524 3908
1525 3907
1526 3907
1527 3910
1528 3910
1529 3904
1530 3905
1531 3907
1532 3910
1533 3904
1534 3907
1535 3907
1536 3907
1537 3910
1538 3910
1539 3904
1540 3904
1541 3904
1542 3907
1543 3905
1544 3907
1545 3905
1546 3910
1547 3907
1548 3905
1549 3907
1550 3905
1551 3905
1552 3904
1553 3904
1554 3904
1555 3904
1556 3908
1557 3905
1558 3907
1559 3905
1560 3907
1561 3904
1562 3907
1563 3904
1564 3905
1565 3904
1566 3906
1567 3907
1568 3905
1569 3904
1570 3910
1571 3904
1572 3907
1573 3907
1574 3904
1575 3904
1576 3904
1577 3909
1578 3904
1579 3904
1580 3907
1581 3906
1582 3907
1583 3910
1584 3904
1585 3905
1586 3908
1587 3909
1588 3908
1589 3907
1590 3907
1591 3910
1592 3907
1593 3906
1594 3907
1595 3910
1596 3907
1597 3905
1598 3908
1599 3907
1600 3907
1601 3907
1602 3904
1603 3904
1604 3905
1605 3907
1606 3907
1607 3905
1608 3907
1609 3908
1610 3909
1611 3905
1612 3907
1613 3907
1614 3904
1615 3904
1616 3905
1617 3907
1618 3905
1619 3904
1620 3904
1621 3905
1622 3904
1623 3907
1624 3907
1625 3904
1626 3905
1627 3908
1628 3907
1629 3904
1630 3907
1631 3909
1632 3905
1633 3904
1634 3906
1635 3909
1636 3908
1637 3905
1638 3905
1639 3904
1640 3904
1641 3905
1642 3907
1643 3909
1644 3904
1645 3907
1646 3905
1647 3904
1648 3908
1649 3905
1650 3907
1651 3904
1652 3910
1653 3904
1654 3904
1655 3904
1656 3909
1657 3908
1658 3905
1659 3905
1660 3910
1661 3905
1662 3907
1663 3904
1664 3905
1665 3905
1666 3907
1667 3904
1668 3907
1669 3907
1670 3904
1671 3907
1672 3910
1673 3910
1674 3906
1675 3907
1676 3910
1677 3908
1678 3904
1679 3910
1680 3908
1681 3910
1682 3906
1683 3907
1684 3905
1685 3905
1686 3905
1687 3904
1688 3907
1689 3905
1690 3909
1691 3904
1692 3908
1693 3907
1694 3904
1695 3904
1696 3905
1697 3907
1698 3907
1699 3905
1700 3910
1701 3907
1702 3909
1703 3907
1704 3907
1705 3904
1706 3904
1707 3904
1708 3909
1709 3911
1710 3907
1711 3904
1712 3905
1713 3904
1714 3907
1715 3909
1716 3908
1717 3904
1718 3906
1719 3908
1720 3907
1721 3908
1722 3910
1723 3907
1724 3907
1725 3907
1726 3907
1727 3905
1728 3904
1729 3910
1730 3905
1731 3907
1732 3904
1733 3904
1734 3905
1735 3904
1736 3911
1737 3907
1738 3905
1739 3905
1740 3907
1741 3907
1742 3905
1743 3905
1744 3905
1745 3904
1746 3905
1747 3907
1748 3904
1749 3905
1750 3905
1751 3905
1752 3907
1753 3907
1754 3908
1755 3907
1756 3908
1757 3904
1758 3905
1759 3905
1760 3904
1761 3907
1762 3907
1763 3907
1764 3904
1765 3904
1766 3905
1767 3905
1768 3904
1769 3908
1770 3905
1771 3907
1772 3907
1773 3908
1774 3908
1775 3904
1776 3905
1777 3905
1778 3908
1779 3905
1780 3907
1781 3910
1782 3907
1783 3907
1784 3909
1785 3907
1786 3907
1787 3905
1788 3905
1789 3910
1790 3904
1791 3904
1792 3907
1793 3907
1794 3907
1795 3909
1796 3910
1797 3905
1798 3910
1799 3907
1800 3910
1801 3905
1802 3910
1803 3904
1804 3904
1805 3910
1806 3909
1807 3905
1808 3907
1809 3907
1810 3909
1811 3904
1812 3907
1813 3907
1814 3907
1815 3904
1816 3904
1817 3906
1818 3904
1819 3907
1820 3909
1821 3907
1822 3907
1823 3907
1824 3910
1825 3906
1826 3905
1827 3907
1828 3909
1829 3905
1830 3904
1831 3904
1832 3907
1833 3904
1834 3910
1835 3907
1836 3904
1837 3905
1838 3904
1839 3906
1840 3904
1841 3904
1842 3905
1843 3904
1844 3909
1845 3907
1846 3907
1847 3905
1848 3910
1849 3910
1850 3904
1851 3905
1852 3905
1853 3907
1854 3910
1855 3907
1856 3910
1857 3905
1858 3908
1859 3907
1860 3904
1861 3911
1862 3907
1863 3904
1864 3910
1865 3904
1866 3907
1867 3907
1868 3907
1869 3907
1870 3909
1871 3907
1872 3904
1873 3909
1874 3907
1875 3905
1876 3905
1877 3907
1878 3907
1879 3904
1880 3907
1881 3908
1882 3908
1883 3905
1884 3904
1885 3907
1886 3907
1887 3904
1888 3909
1889 3907
1890 3907
1891 3905
1892 3909
1893 3908
1894 3907
1895 3907
1896 3905
1897 3904
1898 3904
1899 3905
1900 3910
1901 3907
1902 3907
1903 3904
1904 3905
1905 3904
1906 3907
1907 3907
1908 3905
1909 3907
1910 3907
1911 3909
1912 3905
1913 3905
1914 3910
1915 3905
1916 3909
1917 3907
1918 3904
1919 3907
1920 3907
1921 3907
1922 3909
1923 3904
1924 3905
1925 3905
1926 3909
1927 3909
1928 3907
1929 3907
1930 3907
1931 3908
1932 3904
1933 3904
1934 3907
1935 3907
1936 3905
1937 3904
1938 3908
1939 3907
1940 3904
1941 3908
1942 3905
1943 3905
1944 3907
1945 3905
1946 3907
1947 3904
1948 3905
1949 3907
1950 3904
1951 3909
1952 3907
1953 3904
1954 3907
1955 3910
1956 3910
1957 3910
1958 3905
1959 3909
1960 3907
1961 3904
1962 3905
1963 3904
1964 3907
1965 3908
1966 3910
1967 3908
1968 3909
1969 3909
1970 3905
1971 3905
1972 3904
1973 3904
1974 3907
1975 3905
1976 3909
1977 3907
1978 3905
1979 3907
1980 3904
1981 3905
1982 3907
1983 3910
1984 3905
1985 3907
1986 3909
1987 3910
1988 3907
1989 3909
1990 3905
1991 3905
1992 3907
1993 3905
1994 3905
1995 3906
1996 3904
1997 3904
1998 3904
1999 3905
2000 3905
2001 3907
2002 3904
2003 3907
2004 3909
2005 3904
2006 3908
2007 3908
2008 3905
2009 3905
2010 3905
2011 3904
2012 3905
2013 3910
2014 3905
2015 3907
2016 3907
2017 3906
2018 3904
2019 3905
2020 3905
2021 3908
2022 3904
2023 3907
2024 3904
2025 3909
2026 3907
2027 3907
2028 3910
2029 3904
2030 3909
2031 3905
2032 3904
2033 3910
2034 3904
2035 3905
2036 3910
2037 3904
2038 3904
2039 3909
2040 3904
2041 3904
2042 3907
2043 3905
2044 3909
2045 3904
2046 3904
2047 3910
2048 3909
2049 3904
2050 3909
2051 3908
2052 3907
2053 3907
2054 3908
2055 3906
2056 3907
2057 3907
2058 3905
2059 3907
2060 3904
2061 3907
2062 3909
2063 3907
2064 3904
2065 3904
2066 3910
2067 3910
2068 3908
2069 3904
2070 3907
2071 3904
2072 3905
2073 3910
2074 3904
2075 3905
2076 3910
2077 3909
2078 3910
2079 3909
2080 3910
2081 3907
2082 3905
2083 3905
2084 3910
2085 3908
2086 3904
2087 3905
2088 3904
2089 3905
2090 3909
2091 3907
2092 3904
2093 3905
2094 3910
2095 3907
2096 3910
2097 3910
2098 3909
2099 3910
2100 3907
2101 3907
2102 3904
2103 3908
2104 3909
2105 3907
2106 3905
2107 3904
2108 3905
2109 3905
2110 3907
2111 3904
2112 3904
2113 3907
2114 3905
2115 3905
2116 3909
2117 3907
2118 3907
2119 3910
2120 3910
2121 3908
2122 3905
2123 3906
2124 3905
2125 3905
2126 3904
2127 3905
2128 3907
2129 3904
2130 3910
2131 3905
2132 3906
2133 3905
2134 3904
2135 3905
2136 3905
2137 3909
2138 3905
2139 3905
2140 3905
2141 3904
2142 3908
2143 3904
2144 3906
2145 3909
2146 3904
2147 3907
2148 3907
2149 3905
2150 3904
2151 3907
2152 3905
2153 3910
2154 3908
2155 3908
2156 3909
2157 3905
2158 3910
2159 3905
2160 3907
2161 3907
2162 3905
2163 3907
2164 3910
2165 3904
2166 3909
2167 3907
2168 3907
2169 3905
2170 3905
2171 3908
2172 3905
2173 3905
2174 3910
2175 3908
2176 3908
2177 3907
2178 3904
2179 3910
2180 3907
2181 3910
2182 3905
2183 3907
2184 3904
2185 3910
2186 3910
2187 3904
2188 3910
2189 3904
2190 3904
2191 3904
2192 3904
2193 3908
2194 3905
2195 3909
2196 3904
2197 3908
2198 3904
2199 3907
2200 3907
2201 3905
2202 3910
2203 3909
2204 3910
2205 3905
2206 3910
2207 3907
2208 3905
2209 3905
2210 3910
2211 3910
2212 3904
2213 3905
2214 3907
2215 3907
2216 3910
2217 3905
2218 3904
2219 3907
2220 3907
2221 3905
2222 3904
2223 3904
2224 3905
2225 3907
2226 3907
2227 3910
2228 3910
2229 3904
2230 3905
2231 3904
2232 3904
2233 3904
2234 3907
2235 3909
2236 3905
2237 3907
2238 3910
2239 3904
2240 3910
2241 3907
2242 3905
2243 3908
2244 3907
2245 3908
2246 3905
2247 3910
2248 3910
2249 3904
2250 3907
2251 3906
2252 3905
2253 3905
2254 3904
2255 3904
2256 3905
2257 3904
2258 3909
2259 3910
2260 3904
2261 3906
2262 3910
2263 3907
2264 3904
2265 3904
2266 3905
2267 3910
2268 3904
2269 3910
2270 3910
2271 3907
2272 3905
2273 3907
2274 3906
2275 3904
2276 3907
2277 3910
2278 3907
2279 3909
2280 3907
2281 3907
2282 3906
2283 3907
2284 3910
2285 3905
2286 3910
2287 3907
2288 3907
2289 3907
2290 3910
2291 3904
2292 3908
2293 3907
2294 3909
2295 3905
2296 3907
2297 3910
2298 3910
2299 3910
2300 3910
2301 3904
2302 3907
2303 3908
2304 3907
2305 3907
2306 3905
2307 3905
2308 3905
2309 3910
2310 3907
2311 3910
2312 3908
2313 3907
2314 3909
2315 3908
2316 3908
2317 3910
2318 3909
2319 3910
2320 3904
2321 3910
2322 3908
2323 3905
2324 3910
2325 3910
2326 3904
2327 3910
2328 3907
2329 3910
2330 3905
2331 3904
2332 3905
2333 3905
2334 3910
2335 3907
2336 3904
2337 3909
2338 3907
2339 3905
2340 3910
2341 3910
2342 3907
2343 3906
2344 3905
2345 3910
2346 3904
2347 3905
2348 3907
2349 3904
2350 3910
2351 3905
2352 3904
2353 3910
2354 3904
2355 3905
2356 3910
2357 3907
2358 3907
2359 3907
2360 3907
2361 3905
2362 3907
2363 3904
2364 3910
2365 3905
2366 3910
2367 3910
2368 3910
2369 3905
2370 3906
2371 3910
2372 3904
2373 3905
2374 3904
2375 3905
2376 3904
2377 3907
2378 3904
2379 3909
2380 3904
2381 3904
2382 3908
2383 3905
2384 3908
2385 3907
2386 3904
2387 3907
2388 3904
2389 3905
2390 3910
2391 3905
2392 3907
2393 3910
2394 3910
2395 3909
2396 3908
2397 3910
2398 3910
2399 3905
2400 3905
2401 3906
2402 3908
2403 3904
2404 3907
2405 3904
2406 3907
2407 3904
2408 3907
2409 3910
2410 3910
2411 3907
2412 3911
2413 3905
2414 3905
2415 3905
2416 3905
2417 3904
2418 3908
2419 3905
2420 3907
2421 3910
2422 3905
2423 3910
2424 3905
2425 3908
2426 3910
2427 3904
2428 3907
2429 3905
2430 3905
2431 3907
2432 3905
2433 3907
2434 3904
2435 3910
2436 3908
2437 3908
2438 3909
2439 3905
2440 3907
2441 3904
2442 3907
2443 3904
2444 3907
2445 3910
2446 3909
2447 3910
2448 3905
2449 3907
2450 3907
2451 3904
2452 3905
2453 3906
2454 3904
2455 3904
2456 3911
2457 3910
2458 3904
2459 3907
2460 3907
2461 3904
2462 3907
2463 3904
2464 3904
2465 3905
2466 3909
2467 3904
2468 3909
2469 3904
2470 3908
2471 3907
2472 3910
2473 3910
2474 3904
2475 3910
2476 3909
2477 3905
2478 3909
2479 3905
2480 3908
2481 3905
2482 3909
2483 3904
2484 3905
2485 3905
2486 3904
2487 3905
2488 3907
2489 3907
2490 3907
2491 3904
2492 3907
2493 3910
2494 3909
2495 3904
2496 3910
2497 3910
2498 3909
2499 3907
2500 3908
2501 3910
2502 3905
2503 3904
2504 3907
2505 3910
2506 3905
2507 3907
2508 3908
2509 3907
2510 3904
2511 3910
2512 3904
2513 3910
2514 3910
2515 3907
2516 3909
2517 3909
2518 3907
2519 3905
2520 3907
2521 3909
2522 3904
2523 3905
2524 3910
2525 3904
2526 3909
2527 3907
2528 3905
2529 3904
2530 3904
2531 3905
2532 3907
2533 3908
2534 3908
2535 3911
2536 3904
2537 3907
2538 3907
2539 3907
2540 3907
2541 3904
2542 3910
2543 3909
2544 3909
2545 3908
2546 3907
2547 3907
2548 3905
2549 3910
2550 3907
2551 3904
2552 3910
2553 3910
2554 3904
2555 3906
2556 3910
2557 3904
2558 3905
2559 3904
2560 3904
2561 3907
2562 3907
2563 3911
2564 3905
2565 3910
2566 3910
2567 3910
2568 3904
2569 3910
2570 3905
2571 3904
2572 3904
2573 3905
2574 3907
2575 3904
2576 3909
2577 3907
2578 3910
2579 3910
2580 3904
2581 3906
2582 3904
2583 3910
2584 3910
2585 3909
2586 3909
2587 3907
2588 3906
2589 3908
2590 3905
2591 3907
2592 3907
2593 3904
2594 3909
2595 3909
2596 3908
2597 3905
2598 3912
2599 3907
2600 3910
2601 3907
2602 3910
2603 3907
2604 3910
2605 3906
2606 3910
2607 3905
2608 3907
2609 3909
2610 3910
2611 3907
2612 3907
2613 3904
