0 3901
1 3900
2 3902
3 3900
4 3900
5 3900
6 3902
7 3901
8 3901
9 3902
10 3902
11 3902
12 3901
13 3901
14 3902
15 3900
16 3900
17 3900
18 3902
19 3902
20 3902
21 3900
22 3900
23 3902
24 3901
25 3901
26 3900
27 3902
28 3901
29 3902
30 3900
31 3902
32 3902
33 3902
34 3900
35 3902
36 3900
37 3902
38 3902
39 3902
40 3902
41 3902
42 3901
43 3902
44 3902
45 3902
46 3900
47 3902
48 3902
49 3902
50 3902
51 3902
52 3902
53 3902
54 3901
55 3902
56 3902
57 3902
58 3900
59 3902
60 3901
61 3902
62 3902
63 3902
64 3902
65 3902
66 3902
67 3902
68 3900
69 3902
70 3902
71 3900
72 3901
73 3901
74 3902
75 3902
76 3900
77 3902
78 3901
79 3902
80 3900
81 3901
82 3902
83 3902
84 3900
85 3902
86 3902
87 3901
88 3902
89 3902
90 3902
91 3902
92 3900
93 3901
94 3902
95 3901
96 3900
97 3901
98 3902
99 3902
100 3902
101 3901
102 3901
103 3901
104 3900
105 3902
106 3900
107 3900
108 3902
109 3901
110 3902
111 3902
112 3902
113 3902
114 3900
115 3900
116 3902
117 3902
118 3902
119 3900
120 3902
121 3900
122 3902
123 3901
124 3902
125 3900
126 3902
127 3902
128 3902
129 3902
130 3902
131 3902
132 3902
133 3901
134 3902
135 3900
136 3902
137 3902
138 3901
139 3901
140 3902
141 3902
142 3900
143 3902
144 3902
145 3902
146 3900
147 3901
148 3902
149 3901
150 3902
151 3902
152 3901
153 3902
154 3902
155 3901
156 3902
157 3901
158 3902
159 3902
160 3902
161 3900
162 3902
163 3901
164 3902
165 3902
166 3900
167 3900
168 3900
169 3902
170 3902
171 3900
172 3901
173 3902
174 3901
175 3901
176 3900
177 3902
178 3901
179 3902
180 3901
181 3902
182 3901
183 3902
184 3902
185 3901
186 3901
187 3901
188 3901
189 3902
190 3902
191 3902
192 3902
193 3900
194 3902
195 3901
196 3902
197 3901
198 3902
199 3902
200 3902
201 3902
202 3902
203 3902
204 3902
205 3901
206 3901
207 3900
208 3900
209 3900
210 3901
211 3902
212 3902
213 3902
214 3901
215 3902
216 3900
217 3900
218 3900
219 3901
220 3900
221 3901
222 3900
223 3900
224 3902
225 3902
226 3902
227 3900
228 3901
229 3902
230 3900
231 3902
232 3900
233 3901
234 3900
235 3900
236 3902
237 3902
238 3901
239 3902
240 3902
241 3902
242 3900
243 3900
244 3903
245 3901
246 3900
247 3902
248 3902
249 3902
250 3901
251 3901
252 3902
253 3902
254 3901
255 3900
256 3902
257 3902
258 3900
259 3902
260 3902
261 3901
262 3902
263 3902
264 3901
265 3902
266 3902
267 3900
268 3901
269 3901
270 3902
271 3901
272 3902
273 3900
274 3901
275 3900
276 3902
277 3901
278 3900
279 3901
280 3900
281 3900
282 3900
283 3902
284 3900
285 3902
286 3902
287 3902
288 3900
289 3902
290 3902
291 3901
292 3902
293 3900
294 3900
295 3901
296 3902
297 3900
298 3900
299 3902
300 3902
301 3900
302 3902
303 3902
304 3902
305 3900
306 3902
307 3900
308 3902
309 3900
310 3901
311 3902
312 3902
313 3902
314 3900
315 3902
316 3902
317 3902
318 3901
319 3900
320 3901
321 3901
322 3902
323 3900
324 3902
325 3902
326 3902
327 3901
328 3901
329 3902
330 3901
331 3902
332 3902
333 3902
334 3901
335 3902
336 3902
337 3901
338 3902
339 3902
340 3902
341 3901
342 3901
343 3901
344 3902
345 3903
346 3901
347 3902
348 3902
349 3900
350 3902
351 3902
352 3900
353 3902
354 3902
355 3902
356 3902
357 3902
358 3902
359 3902
360 3902
361 3902
362 3901
363 3900
364 3902
365 3901
366 3901
367 3902
368 3902
369 3901
370 3901
371 3902
372 3900
373 3902
374 3901
375 3902
376 3900
377 3901
378 3900
379 3902
380 3902
381 3900
382 3901
383 3900
384 3902
385 3902
386 3902
387 3900
388 3902
389 3900
390 3902
391 3902
392 3902
393 3902
394 3902
395 3901
396 3902
397 3902
398 3902
399 3901
400 3902
401 3902
402 3901
403 3901
404 3901
405 3900
406 3902
407 3902
408 3901
409 3901
410 3902
411 3900
412 3901
413 3901
414 3901
415 3902
416 3902
417 3900
418 3902
419 3901
420 3902
421 3902
422 3902
423 3900
424 3902
425 3902
426 3901
427 3901
428 3902
429 3900
430 3901
431 3902
432 3902
433 3902
434 3900
435 3902
436 3900
437 3901
438 3902
439 3900
440 3902
441 3902
442 3902
443 3900
444 3902
445 3901
446 3900
447 3902
448 3901
449 3902
450 3902
451 3901
452 3901
453 3902
454 3901
455 3902
456 3900
457 3901
458 3900
459 3902
460 3900
461 3902
462 3902
463 3900
464 3902
465 3900
466 3902
467 3902
468 3901
469 3902
470 3902
471 3901
472 3902
473 3902
474 3902
475 3902
476 3901
477 3902
478 3902
479 3900
480 3902
481 3902
482 3902
483 3902
484 3901
485 3901
486 3902
487 3901
488 3903
489 3902
490 3902
491 3902
492 3901
493 3901
494 3901
495 3901
496 3902
497 3901
498 3901
499 3900
500 3902
501 3901
502 3901
503 3900
504 3902
505 3900
506 3902
507 3902
508 3901
509 3900
510 3900
511 3902
512 3902
513 3902
514 3902
515 3902
516 3902
517 3901
518 3901
519 3900
520 3902
521 3901
522 3901
523 3901
524 3901
525 3902
526 3902
527 3902
528 3900
529 3902
530 3902
531 3902
532 3900
533 3902
534 3901
535 3901
536 3902
537 3900
538 3900
539 3901
540 3900
541 3901
542 3902
543 3901
544 3900
545 3902
546 3900
547 3900
548 3900
549 3901
550 3902
551 3901
552 3901
553 3900
554 3902
555 3900
556 3902
557 3900
558 3902
559 3901
560 3902
561 3900
562 3900
563 3901
564 3902
565 3901
566 3901
567 3901
568 3901
569 3901
570 3902
571 3901
572 3900
573 3902
574 3902
575 3902
576 3902
577 3902
578 3901
579 3901
580 3902
581 3901
582 3901
583 3902
584 3900
585 3901
586 3901
587 3901
588 3901
589 3900
590 3902
591 3902
592 3901
593 3902
594 3902
595 3902
596 3902
597 3900
598 3901
599 3902
600 3901
601 3901
602 3902
603 3901
604 3901
605 3902
606 3901
607 3902
608 3902
609 3900
610 3902
611 3902
612 3902
613 3902
614 3901
615 3901
616 3902
617 3902
618 3902
619 3902
620 3900
621 3901
622 3902
623 3901
624 3900
625 3902
626 3902
627 3900
628 3902
629 3902
630 3900
631 3902
632 3901
633 3901
634 3901
635 3901
636 3902
637 3901
638 3900
639 3901
640 3902
641 3900
642 3901
643 3902
644 3901
645 3901
646 3900
647 3902
648 3901
649 3902
650 3900
651 3901
652 3900
653 3901
654 3900
655 3902
656 3902
657 3901
658 3900
659 3900
660 3901
661 3902
662 3900
663 3900
664 3902
665 3901
666 3901
667 3901
668 3902
669 3901
670 3901
671 3902
672 3902
673 3902
674 3902
675 3900
676 3901
677 3901
678 3902
679 3901
680 3902
681 3902
682 3902
683 3900
684 3902
685 3901
686 3902
687 3901
688 3900
689 3902
690 3902
691 3902
692 3902
693 3901
694 3901
695 3901
696 3902
697 3902
698 3902
699 3901
700 3902
701 3901
702 3901
703 3902
704 3901
705 3902
706 3902
707 3901
708 3900
709 3902
710 3901
711 3901
712 3902
713 3902
714 3902
715 3902
716 3902
717 3902
718 3902
719 3901
720 3900
721 3900
722 3902
723 3902
724 3901
725 3900
726 3901
727 3901
728 3902
729 3902
730 3901
731 3902
732 3901
733 3902
734 3900
735 3900
736 3901
737 3901
738 3901
739 3902
740 3902
741 3902
742 3900
743 3902
744 3900
745 3902
746 3902
747 3901
748 3902
749 3902
750 3900
751 3902
752 3902
753 3902
754 3902
755 3901
756 3902
757 3900
758 3901
759 3902
760 3900
761 3901
762 3901
763 3902
764 3900
765 3901
766 3902
767 3901
768 3901
769 3902
770 3902
771 3902
772 3901
773 3902
774 3900
775 3902
776 3902
777 3901
778 3901
779 3902
780 3901
781 3902
782 3902
783 3900
784 3901
785 3902
786 3902
787 3902
788 3901
789 3901
790 3902
791 3900
792 3902
793 3901
794 3901
795 3901
796 3900
797 3901
798 3902
799 3900
800 3901
801 3900
802 3902
803 3901
804 3901
805 3902
806 3902
807 3902
808 3901
809 3901
810 3902
811 3901
812 3900
813 3902
814 3900
815 3900
816 3901
817 3901
818 3902
819 3900
820 3902
821 3901
822 3901
823 3902
824 3900
825 3900
826 3902
827 3902
828 3902
829 3901
830 3901
831 3902
832 3900
833 3901
834 3900
835 3900
836 3901
837 3901
838 3901
839 3900
840 3902
841 3902
842 3900
843 3902
844 3900
845 3902
846 3901
847 3901
848 3901
849 3902
850 3902
851 3900
852 3901
853 3902
854 3900
855 3901
856 3901
857 3900
858 3902
859 3901
860 3902
861 3900
862 3901
863 3900
864 3901
865 3901
866 3901
867 3901
868 3903
869 3901
870 3902
871 3901
872 3901
873 3902
874 3902
875 3902
876 3902
877 3902
878 3901
879 3900
880 3902
881 3900
882 3902
883 3901
884 3902
885 3903
886 3902
887 3902
888 3901
889 3901
890 3902
891 3902
892 3902
893 3900
894 3902
895 3902
896 3902
897 3901
898 3902
899 3901
900 3902
901 3901
902 3902
903 3902
904 3900
905 3902
906 3902
907 3901
908 3901
909 3900
910 3901
911 3901
912 3902
913 3902
914 3901
915 3901
916 3901
917 3901
918 3902
919 3901
920 3901
921 3902
922 3902
923 3900
924 3901
925 3902
926 3901
927 3900
928 3901
929 3902
930 3902
931 3902
932 3901
933 3902
934 3902
935 3901
936 3902
937 3902
938 3902
939 3902
940 3900
941 3901
942 3902
943 3902
944 3902
945 3902
946 3902
947 3902
948 3902
949 3900
950 3902
951 3902
952 3901
953 3900
954 3902
955 3902
956 3902
957 3902
958 3902
959 3901
960 3902
961 3902
962 3901
963 3900
964 3900
965 3902
966 3902
967 3902
968 3902
969 3902
970 3900
971 3902
972 3900
973 3902
974 3901
975 3902
976 3901
977 3901
978 3902
979 3902
980 3900
981 3901
982 3900
983 3901
984 3900
985 3902
986 3902
987 3901
988 3902
989 3902
990 3901
991 3902
992 3902
993 3901
994 3902
995 3902
996 3902
997 3902
998 3901
999 3901
1000 3900
1001 3901
1002 3900
1003 3901
1004 3902
1005 3901
1006 3902
1007 3901
1008 3901
1009 3902
1010 3900
1011 3901
1012 3902
1013 3901
1014 3900
1015 3901
1016 3902
1017 3901
1018 3901
1019 3901
1020 3901
1021 3901
1022 3901
1023 3901
1024 3901
1025 3900
1026 3902
1027 3900
1028 3901
1029 3900
1030 3900
1031 3902
1032 3902
1033 3901
1034 3902
1035 3902
1036 3901
1037 3901
1038 3902
1039 3901
1040 3901
1041 3901
1042 3902
1043 3901
1044 3902
1045 3902
1046 3900
1047 3901
1048 3902
1049 3900
1050 3901
1051 3902
1052 3901
1053 3900
1054 3902
1055 3902
1056 3901
1057 3902
1058 3902
1059 3902
1060 3901
1061 3902
1062 3901
1063 3900
1064 3900
1065 3902
1066 3900
1067 3901
1068 3902
1069 3902
1070 3901
1071 3902
1072 3903
1073 3901
1074 3902
1075 3901
1076 3902
1077 3902
1078 3902
1079 3901
1080 3902
1081 3901
1082 3900
1083 3902
1084 3902
1085 3901
1086 3900
1087 3901
1088 3902
1089 3902
1090 3902
1091 3901
1092 3901
1093 3902
1094 3900
1095 3902
1096 3900
1097 3901
1098 3902
1099 3902
1100 3902
1101 3901
1102 3901
1103 3902
1104 3901
1105 3902
1106 3902
1107 3900
1108 3902
1109 3901
1110 3900
1111 3901
1112 3902
1113 3900
1114 3901
1115 3902
1116 3901
1117 3900
1118 3902
1119 3900
1120 3902
1121 3901
1122 3902
1123 3901
1124 3900
1125 3902
1126 3901
1127 3901
1128 3902
1129 3900
1130 3900
1131 3902
1132 3901
1133 3900
1134 3901
1135 3902
1136 3902
1137 3902
1138 3901
1139 3902
1140 3900
1141 3901
1142 3902
1143 3901
1144 3900
1145 3902
1146 3902
1147 3901
1148 3900
1149 3902
1150 3900
1151 3900
1152 3901
1153 3902
1154 3902
1155 3902
1156 3901
1157 3900
1158 3901
1159 3900
1160 3901
1161 3901
1162 3901
1163 3902
1164 3901
1165 3902
1166 3901
1167 3902
1168 3901
1169 3902
1170 3902
1171 3903
1172 3901
1173 3902
1174 3902
1175 3900
1176 3901
1177 3902
1178 3902
1179 3902
1180 3901
1181 3901
1182 3900
1183 3900
1184 3902
1185 3901
1186 3901
1187 3900
1188 3902
1189 3902
1190 3901
1191 3902
1192 3902
1193 3901
1194 3902
1195 3901
1196 3900
1197 3902
1198 3902
1199 3902
1200 3902
1201 3901
1202 3901
1203 3902
1204 3902
1205 3902
1206 3901
1207 3902
1208 3901
1209 3902
1210 3901
1211 3900
1212 3901
1213 3901
1214 3902
1215 3900
1216 3901
1217 3901
1218 3900
1219 3902
1220 3902
1221 3902
1222 3902
1223 3900
1224 3901
1225 3901
1226 3901
1227 3903
1228 3902
1229 3900
1230 3900
1231 3901
1232 3901
1233 3901
1234 3900
1235 3902
1236 3902
1237 3901
1238 3901
1239 3900
1240 3902
1241 3901
1242 3902
1243 3901
1244 3901
1245 3902
1246 3900
1247 3901
1248 3902
1249 3902
1250 3901
1251 3902
1252 3902
1253 3900
1254 3902
1255 3902
1256 3901
1257 3901
1258 3902
1259 3901
1260 3901
1261 3901
1262 3902
1263 3901
1264 3901
1265 3900
1266 3902
1267 3901
1268 3902
1269 3902
1270 3902
1271 3902
1272 3901
1273 3901
1274 3900
1275 3902
1276 3901
1277 3900
1278 3901
1279 3902
1280 3901
1281 3901
1282 3902
1283 3901
1284 3901
1285 3901
1286 3902
1287 3900
1288 3902
1289 3902
1290 3901
1291 3902
1292 3900
1293 3902
1294 3902
1295 3901
1296 3902
1297 3902
1298 3902
1299 3901
1300 3902
1301 3902
1302 3902
1303 3900
1304 3900
1305 3902
1306 3901
1307 3900
1308 3901
1309 3901
1310 3901
1311 3901
1312 3901
1313 3901
1314 3901
1315 3902
1316 3900
1317 3900
1318 3902
1319 3902
1320 3901
1321 3900
1322 3900
1323 3901
1324 3902
1325 3901
1326 3900
1327 3900
1328 3902
1329 3902
1330 3902
1331 3901
1332 3902
1333 3900
1334 3902
1335 3902
1336 3901
1337 3900
1338 3902
1339 3901
1340 3902
1341 3902
1342 3900
1343 3902
1344 3900
1345 3902
1346 3902
1347 3902
1348 3901
1349 3902
1350 3901
1351 3902
1352 3901
1353 3900
1354 3900
1355 3902
1356 3900
1357 3900
1358 3901
1359 3901
1360 3902
1361 3901
1362 3900
1363 3901
1364 3902
1365 3902
1366 3902
1367 3901
1368 3901
1369 3902
1370 3902
1371 3901
1372 3901
1373 3902
1374 3900
1375 3901
1376 3900
1377 3902
1378 3901
1379 3902
1380 3901
1381 3902
1382 3901
1383 3902
1384 3901
1385 3900
1386 3902
1387 3901
1388 3902
1389 3901
1390 3901
1391 3901
1392 3902
1393 3900
1394 3901
1395 3902
1396 3901
1397 3902
1398 3900
1399 3901
1400 3901
1401 3902
1402 3901
1403 3900
1404 3902
1405 3901
1406 3902
1407 3902
1408 3901
1409 3901
1410 3901
1411 3902
1412 3901
1413 3900
1414 3902
1415 3900
1416 3902
1417 3901
1418 3901
1419 3901
1420 3902
1421 3902
1422 3900
1423 3901
1424 3902
1425 3900
1426 3901
1427 3902
1428 3901
1429 3901
1430 3902
1431 3902
1432 3902
1433 3902
1434 3902
1435 3900
1436 3900
1437 3902
1438 3901
1439 3902
1440 3902
1441 3901
1442 3901
1443 3902
1444 3900
1445 3902
1446 3901
1447 3901
1448 3901
1449 3900
1450 3902
1451 3900
1452 3902
1453 3901
1454 3902
1455 3902
1456 3900
1457 3900
1458 3903
1459 3900
1460 3901
1461 3901
1462 3902
1463 3900
1464 3901
1465 3902
1466 3902
1467 3901
1468 3902
1469 3901
1470 3900
1471 3902
1472 3902
1473 3900
1474 3901
1475 3901
1476 3903
1477 3902
1478 3902
1479 3900
1480 3901
1481 3901
1482 3902
1483 3901
1484 3900
1485 3900
1486 3902
1487 3900
1488 3901
1489 3901
1490 3902
1491 3901
1492 3900
1493 3902
1494 3901
1495 3901
1496 3903
1497 3901
1498 3900
1499 3901
1500 3901
1501 3902
1502 3901
1503 3902
1504 3902
1505 3900
1506 3901
1507 3902
1508 3902
1509 3901
1510 3901
1511 3901
1512 3902
1513 3902
1514 3901
1515 3901
1516 3901
1517 3902
1518 3902
1519 3901
1520 3901
1521 3900
1522 3900
1523 3900
1524 3902
1525 3901
1526 3901
1527 3901
1528 3900
1529 3901
1530 3902
1531 3902
1532 3901
1533 3902
1534 3902
1535 3902
1536 3902
1537 3902
1538 3901
1539 3900
1540 3900
1541 3900
1542 3901
1543 3901
1544 3902
1545 3902
1546 3900
1547 3901
1548 3901
1549 3901
1550 3902
1551 3902
1552 3901
1553 3902
1554 3902
1555 3902
1556 3901
1557 3901
1558 3902
1559 3901
1560 3901
1561 3900
1562 3901
1563 3902
1564 3902
1565 3901
1566 3901
1567 3901
1568 3901
1569 3901
1570 3900
1571 3901
1572 3902
1573 3901
1574 3902
1575 3902
1576 3902
1577 3901
1578 3902
1579 3902
1580 3902
1581 3901
1582 3902
1583 3901
1584 3902
1585 3901
1586 3902
1587 3901
1588 3901
1589 3902
1590 3902
1591 3901
1592 3901
1593 3901
1594 3902
1595 3901
1596 3902
1597 3901
1598 3901
1599 3902
1600 3901
1601 3901
1602 3902
1603 3901
1604 3901
1605 3902
1606 3902
1607 3901
1608 3900
1609 3902
1610 3901
1611 3900
1612 3900
1613 3901
1614 3902
1615 3900
1616 3900
1617 3901
1618 3902
1619 3900
1620 3901
1621 3902
1622 3902
1623 3902
1624 3902
1625 3901
1626 3900
1627 3902
1628 3902
1629 3902
1630 3900
1631 3901
1632 3901
1633 3902
1634 3901
1635 3901
1636 3901
1637 3900
1638 3902
1639 3902
1640 3900
1641 3902
1642 3902
1643 3901
1644 3902
1645 3900
1646 3902
1647 3901
1648 3900
1649 3902
1650 3902
1651 3901
1652 3901
1653 3902
1654 3902
1655 3902
1656 3901
1657 3901
1658 3900
1659 3900
1660 3901
1661 3901
1662 3901
1663 3901
1664 3901
1665 3900
1666 3902
1667 3900
1668 3901
1669 3902
1670 3901
1671 3901
1672 3901
1673 3901
1674 3901
1675 3900
1676 3902
1677 3902
1678 3902
1679 3900
1680 3901
1681 3901
1682 3901
1683 3900
1684 3901
1685 3901
1686 3901
1687 3901
1688 3902
1689 3902
1690 3901
1691 3901
1692 3902
1693 3902
1694 3902
1695 3902
1696 3902
1697 3900
1698 3900
1699 3902
1700 3901
1701 3902
1702 3901
1703 3900
1704 3901
1705 3900
1706 3902
1707 3900
1708 3901
1709 3902
1710 3901
1711 3900
1712 3902
1713 3902
1714 3901
1715 3900
1716 3901
1717 3902
1718 3901
1719 3901
1720 3902
1721 3902
1722 3901
1723 3902
1724 3900
1725 3900
1726 3901
1727 3901
1728 3900
1729 3902
1730 3900
1731 3901
1732 3901
1733 3901
1734 3901
1735 3902
1736 3902
1737 3901
1738 3901
1739 3901
1740 3901
1741 3902
1742 3900
1743 3900
1744 3901
1745 3900
1746 3902
1747 3900
1748 3900
1749 3901
1750 3900
1751 3902
1752 3900
1753 3901
1754 3900
1755 3901
1756 3901
1757 3901
1758 3901
1759 3902
1760 3901
1761 3902
1762 3902
1763 3901
1764 3902
1765 3902
1766 3902
1767 3901
1768 3901
1769 3901
1770 3902
1771 3901
1772 3902
1773 3901
1774 3900
1775 3901
1776 3901
1777 3901
1778 3901
1779 3901
1780 3900
1781 3901
1782 3902
1783 3901
1784 3901
1785 3901
1786 3902
1787 3901
1788 3901
1789 3901
1790 3900
1791 3902
1792 3901
1793 3901
1794 3900
1795 3901
1796 3901
1797 3902
1798 3901
1799 3901
1800 3902
1801 3901
1802 3901
1803 3901
1804 3901
1805 3901
1806 3901
1807 3900
1808 3902
1809 3902
1810 3901
1811 3901
1812 3902
1813 3902
1814 3900
1815 3901
1816 3902
1817 3902
1818 3901
1819 3900
1820 3901
1821 3901
1822 3901
1823 3901
1824 3903
1825 3901
1826 3901
1827 3901
1828 3901
1829 3901
1830 3902
1831 3900
1832 3900
1833 3900
1834 3901
1835 3901
1836 3901
1837 3901
1838 3903
1839 3901
1840 3901
1841 3902
1842 3901
1843 3902
1844 3901
1845 3901
1846 3901
1847 3901
1848 3902
1849 3901
1850 3901
1851 3900
1852 3902
1853 3901
1854 3902
1855 3901
1856 3900
1857 3901
1858 3900
1859 3902
1860 3902
1861 3901
1862 3902
1863 3902
1864 3901
1865 3902
1866 3902
1867 3902
1868 3902
1869 3901
1870 3900
1871 3902
1872 3902
1873 3901
1874 3901
1875 3900
1876 3901
1877 3902
1878 3901
1879 3902
1880 3900
1881 3902
1882 3902
1883 3901
1884 3901
1885 3901
1886 3901
1887 3901
1888 3902
1889 3902
1890 3902
1891 3901
1892 3901
1893 3901
1894 3901
1895 3901
1896 3901
1897 3901
1898 3901
1899 3901
1900 3900
1901 3901
1902 3901
1903 3902
1904 3901
1905 3901
1906 3902
1907 3901
1908 3901
1909 3901
1910 3901
1911 3901
1912 3900
1913 3901
1914 3901
1915 3901
1916 3900
1917 3901
1918 3901
1919 3901
1920 3900
1921 3900
1922 3901
1923 3902
1924 3902
1925 3902
1926 3901
1927 3901
1928 3902
1929 3901
1930 3900
1931 3902
1932 3901
1933 3900
1934 3901
1935 3902
1936 3901
1937 3901
1938 3901
1939 3900
1940 3901
1941 3900
1942 3902
1943 3900
1944 3900
1945 3902
1946 3900
1947 3901
1948 3902
1949 3902
1950 3901
1951 3901
1952 3901
1953 3903
1954 3901
1955 3901
1956 3902
1957 3902
1958 3901
1959 3901
1960 3902
1961 3902
1962 3901
1963 3901
1964 3902
1965 3902
1966 3901
1967 3902
1968 3901
1969 3901
1970 3902
1971 3901
1972 3901
1973 3901
1974 3900
1975 3902
1976 3901
1977 3902
1978 3901
1979 3900
1980 3901
1981 3901
1982 3902
1983 3901
1984 3902
1985 3902
1986 3900
1987 3901
1988 3900
1989 3901
1990 3900
1991 3901
1992 3902
1993 3902
1994 3902
1995 3901
1996 3901
1997 3903
1998 3901
1999 3900
2000 3901
2001 3901
2002 3902
2003 3901
2004 3901
2005 3902
2006 3901
2007 3900
2008 3900
2009 3902
2010 3900
2011 3902
2012 3901
2013 3900
2014 3900
2015 3902
2016 3900
2017 3901
2018 3902
2019 3900
2020 3901
2021 3901
2022 3902
2023 3902
2024 3901
2025 3901
2026 3900
2027 3901
2028 3902
2029 3902
2030 3901
2031 3901
2032 3902
2033 3901
2034 3901
2035 3901
2036 3900
2037 3902
2038 3901
2039 3901
2040 3902
2041 3902
2042 3901
2043 3902
2044 3901
2045 3902
2046 3901
2047 3900
2048 3901
2049 3901
2050 3901
2051 3901
2052 3901
2053 3901
2054 3901
2055 3901
2056 3901
2057 3900
2058 3902
2059 3901
2060 3901
2061 3901
2062 3902
2063 3900
2064 3902
2065 3900
2066 3901
2067 3901
2068 3902
2069 3901
2070 3901
2071 3901
2072 3901
2073 3901
2074 3900
2075 3901
2076 3900
2077 3901
2078 3902
2079 3901
2080 3901
2081 3902
2082 3901
2083 3901
2084 3901
2085 3902
2086 3901
2087 3900
2088 3900
2089 3901
2090 3901
2091 3901
2092 3902
2093 3901
2094 3900
2095 3901
2096 3901
2097 3902
2098 3901
2099 3901
2100 3900
2101 3901
2102 3902
2103 3901
2104 3901
2105 3900
2106 3901
2107 3901
2108 3901
2109 3902
2110 3901
2111 3901
2112 3900
2113 3901
2114 3902
2115 3900
2116 3900
2117 3900
2118 3902
2119 3901
2120 3901
2121 3900
2122 3901
2123 3901
2124 3901
2125 3902
2126 3902
2127 3900
2128 3901
2129 3902
2130 3901
2131 3901
2132 3901
2133 3900
2134 3902
2135 3901
2136 3901
2137 3901
2138 3901
2139 3902
2140 3901
2141 3901
2142 3901
2143 3901
2144 3900
2145 3901
2146 3901
2147 3901
2148 3900
2149 3901
2150 3900
2151 3901
2152 3902
2153 3901
2154 3902
2155 3900
2156 3900
2157 3901
2158 3901
2159 3900
2160 3900
2161 3901
2162 3902
2163 3902
2164 3901
2165 3901
2166 3901
2167 3901
2168 3901
2169 3901
2170 3901
2171 3902
2172 3901
2173 3901
2174 3902
2175 3900
2176 3901
2177 3900
2178 3902
2179 3900
2180 3902
2181 3900
2182 3901
2183 3901
2184 3902
2185 3901
2186 3901
2187 3901
2188 3901
2189 3900
2190 3902
2191 3901
2192 3902
2193 3901
2194 3901
2195 3900
2196 3901
2197 3901
2198 3902
2199 3901
2200 3902
2201 3902
2202 3900
2203 3901
2204 3901
2205 3901
2206 3901
2207 3902
2208 3901
2209 3900
2210 3900
2211 3901
2212 3901
2213 3901
2214 3900
2215 3901
2216 3901
2217 3902
2218 3901
2219 3900
2220 3902
2221 3901
2222 3900
2223 3901
2224 3901
2225 3900
2226 3900
2227 3901
2228 3900
2229 3902
2230 3900
2231 3900
2232 3900
2233 3902
2234 3902
2235 3901
2236 3902
2237 3901
2238 3901
2239 3902
2240 3900
2241 3901
2242 3901
2243 3901
2244 3901
2245 3901
2246 3902
2247 3901
2248 3901
2249 3901
2250 3901
2251 3901
2252 3901
2253 3901
2254 3902
2255 3900
2256 3902
2257 3902
2258 3901
2259 3901
2260 3901
2261 3901
2262 3901
2263 3901
2264 3901
2265 3901
2266 3902
2267 3901
2268 3901
2269 3901
2270 3902
2271 3901
2272 3902
2273 3901
2274 3901
2275 3901
2276 3900
2277 3901
2278 3901
2279 3901
2280 3901
2281 3900
2282 3901
2283 3901
2284 3901
2285 3902
2286 3901
2287 3901
2288 3900
2289 3901
2290 3901
2291 3902
2292 3901
2293 3901
2294 3901
2295 3901
2296 3901
2297 3901
2298 3901
2299 3902
2300 3901
2301 3901
2302 3900
2303 3901
2304 3902
2305 3901
2306 3901
2307 3901
2308 3902
2309 3901
2310 3902
2311 3901
2312 3901
2313 3902
2314 3901
2315 3901
2316 3900
2317 3901
2318 3901
2319 3900
2320 3901
2321 3901
2322 3901
2323 3901
2324 3900
2325 3901
2326 3902
2327 3901
2328 3901
2329 3901
2330 3901
2331 3902
2332 3900
2333 3900
2334 3901
2335 3902
2336 3900
2337 3901
2338 3901
2339 3901
2340 3901
2341 3901
2342 3901
2343 3902
2344 3900
2345 3901
2346 3900
2347 3901
2348 3901
2349 3901
2350 3901
2351 3901
2352 3901
2353 3901
2354 3900
2355 3902
2356 3901
2357 3900
2358 3900
2359 3902
2360 3902
2361 3901
2362 3901
2363 3900
2364 3901
2365 3901
2366 3901
2367 3901
2368 3901
2369 3901
2370 3901
2371 3901
2372 3901
2373 3901
2374 3900
2375 3901
2376 3902
2377 3901
2378 3900
2379 3901
2380 3902
2381 3902
2382 3901
2383 3902
2384 3902
2385 3900
2386 3901
2387 3901
2388 3901
2389 3901
2390 3901
2391 3902
2392 3900
2393 3901
2394 3900
2395 3901
2396 3900
2397 3901
2398 3901
2399 3901
2400 3901
2401 3901
2402 3902
2403 3902
2404 3901
2405 3902
2406 3901
2407 3901
2408 3900
2409 3901
2410 3901
2411 3902
2412 3902
2413 3901
2414 3901
2415 3902
2416 3901
2417 3900
2418 3901
2419 3901
2420 3900
2421 3901
2422 3901
2423 3902
2424 3901
2425 3901
2426 3901
2427 3901
2428 3902
2429 3901
2430 3901
2431 3901
2432 3902
2433 3901
2434 3901
2435 3901
2436 3900
2437 3901
2438 3900
2439 3901
2440 3902
2441 3900
2442 3901
2443 3900
2444 3901
2445 3900
2446 3901
2447 3901
2448 3901
2449 3901
2450 3901
2451 3901
2452 3901
2453 3901
2454 3901
2455 3902
2456 3901
2457 3902
2458 3901
2459 3901
2460 3901
2461 3902
2462 3902
2463 3900
2464 3901
2465 3901
2466 3901
2467 3902
2468 3901
2469 3902
2470 3901
2471 3900
2472 3901
2473 3901
2474 3901
2475 3901
2476 3901
2477 3902
2478 3901
2479 3902
2480 3902
2481 3901
2482 3901
2483 3902
2484 3901
2485 3902
2486 3903
2487 3900
2488 3902
2489 3901
2490 3901
2491 3901
2492 3901
2493 3901
2494 3901
2495 3901
2496 3901
2497 3901
2498 3900
2499 3901
2500 3900
2501 3901
2502 3901
2503 3901
2504 3902
2505 3901
2506 3902
2507 3900
2508 3902
2509 3901
2510 3902
2511 3901
2512 3901
2513 3901
2514 3901
2515 3901
2516 3901
2517 3901
2518 3901
2519 3900
2520 3901
2521 3901
2522 3902
2523 3901
2524 3902
2525 3901
2526 3901
2527 3900
2528 3902
2529 3901
2530 3900
2531 3901
2532 3901
2533 3902
2534 3901
2535 3900
2536 3902
2537 3901
2538 3902
2539 3901
2540 3902
2541 3900
2542 3901
2543 3901
2544 3901
2545 3901
2546 3901
2547 3901
2548 3902
2549 3900
2550 3901
2551 3902
2552 3901
2553 3901
2554 3902
2555 3901
2556 3901
2557 3902
2558 3901
2559 3900
2560 3901
2561 3901
2562 3902
2563 3901
2564 3901
2565 3901
2566 3901
2567 3901
2568 3901
2569 3900
2570 3901
2571 3901
2572 3901
2573 3901
2574 3900
2575 3902
2576 3901
2577 3902
2578 3901
2579 3902
2580 3901
2581 3901
2582 3902
2583 3902
2584 3901
2585 3900
2586 3901
2587 3902
2588 3901
2589 3901
2590 3901
2591 3901
2592 3901
2593 3900
2594 3901
2595 3901
2596 3901
2597 3901
2598 3901
2599 3901
2600 3901
2601 3901
2602 3901
2603 3901
2604 3901
2605 3901
2606 3901
2607 3902
2608 3901
2609 3900
2610 3901
2611 3901
2612 3901
2613 3901
