0 5067
1 4958
2 6035
3 4608
4 4369
5 6038
6 5707
7 5326
8 6351
9 4527
10 5509
11 4958
12 4958
13 6351
14 4356
15 5326
16 5945
17 4429
18 5512
19 5936
20 5827
21 5067
22 4398
23 5810
24 4627
25 6035
26 6038
27 6077
28 4502
29 4668
30 5601
31 5601
32 5512
33 5313
34 5237
35 5551
36 5450
37 5588
38 5094
39 5509
40 4527
41 5044
42 4431
43 5677
44 4975
45 5601
46 6155
47 5838
48 5525
49 5345
50 4502
51 5997
52 5981
53 5428
54 4749
55 4527
56 4608
57 5806
58 5944
59 5273
60 5556
61 4429
62 5942
63 4704
64 6249
65 4789
66 5400
67 6131
68 5806
69 5273
70 5273
71 6011
72 5977
73 5572
74 5998
75 4537
76 4398
77 5675
78 4486
79 4780
80 5904
81 5997
82 5301
83 5077
84 4608
85 4608
86 5008
87 5942
88 4714
89 5580
90 5284
91 6338
92 4581
93 4797
94 4311
95 5601
96 5601
97 5751
98 5810
99 4869
100 6210
101 4486
102 4608
103 4830
104 6084
105 4917
106 5428
107 4572
108 5428
109 4311
110 4933
111 5382
112 4529
113 5015
114 5298
115 6210
116 4606
117 5192
118 4749
119 6140
120 5149
121 5496
122 5044
123 5997
124 6099
125 4705
126 5947
127 4830
128 5448
129 5783
130 5601
131 4429
132 5981
133 4322
134 4486
135 4753
136 4811
137 5936
138 5044
139 6038
140 4752
141 4327
142 5942
143 6351
144 5910
145 4382
146 5280
147 4496
148 5009
149 5192
150 5600
151 5842
152 4454
153 4933
154 5481
155 4318
156 4745
157 4958
158 4830
159 5785
160 5536
161 5845
162 4454
163 6216
164 5601
165 4581
166 5856
167 4695
168 6155
169 4431
170 5496
171 5565
172 6084
173 6244
174 5975
175 5008
176 4958
177 4540
178 4527
179 5345
180 4980
181 5481
182 5796
183 5243
184 6258
185 5201
186 6001
187 5997
188 5267
189 6338
190 6220
191 4382
192 5543
193 5785
194 5588
195 5947
196 5715
197 4746
198 5328
199 5428
200 5081
201 5083
202 5313
203 4932
204 4932
205 5806
206 5083
207 4932
208 5414
209 4895
210 5267
211 4553
212 5298
213 4336
214 5990
215 4699
216 5321
217 6084
218 4490
219 5993
220 5997
221 4789
222 5556
223 5944
224 5652
225 5743
226 5875
227 6321
228 5975
229 6084
230 5875
231 5101
232 4917
233 5451
234 5827
235 4873
236 5627
237 4468
238 4327
239 5936
240 5947
241 5936
242 4600
243 5601
244 5814
245 4777
246 5936
247 6155
248 5551
249 6210
250 5067
251 5627
252 5936
253 5067
254 6264
255 5799
256 4288
257 4613
258 5867
259 4914
260 5528
261 6100
262 5284
263 6116
264 6106
265 4864
266 5826
267 4811
268 5556
269 5201
270 5796
271 6250
272 6351
273 5860
274 4502
275 4491
276 5770
277 4839
278 5444
279 6001
280 6004
281 5785
282 6142
283 4729
284 6131
285 5556
286 6346
287 4415
288 4878
289 5936
290 5119
291 5483
292 5636
293 4452
294 6142
295 5382
296 5827
297 4369
298 5827
299 5827
300 6070
301 6100
302 6302
303 5192
304 6012
305 5246
306 5238
307 4486
308 5898
309 4429
310 5237
311 6264
312 4502
313 5981
314 5849
315 4540
316 4437
317 5588
318 5556
319 4437
320 4714
321 5243
322 4980
323 6224
324 4914
325 6303
326 4527
327 4761
328 4575
329 6155
330 5947
331 5981
332 5796
333 5101
334 5280
335 5856
336 6264
337 4540
338 4575
339 5655
340 4305
341 5366
342 5321
343 6001
344 4372
345 4911
346 5101
347 5942
348 5981
349 4933
350 5785
351 6338
352 5797
353 4921
354 5397
355 4676
356 5397
357 4502
358 5701
359 6264
360 5701
361 5987
362 5123
363 5810
364 5243
365 5945
366 5345
367 6045
368 5550
369 4360
370 4473
371 6182
372 4807
373 5270
374 5837
375 5875
376 5808
377 4873
378 4925
379 4490
380 4789
381 4975
382 4714
383 5993
384 6249
385 6172
386 4507
387 4911
388 6230
389 6210
390 6216
391 4752
392 4915
393 5682
394 4753
395 5837
396 5675
397 4761
398 5837
399 5701
400 6073
401 4589
402 5267
403 4291
404 6035
405 4761
406 6100
407 4651
408 4395
409 4314
410 5458
411 5194
412 6084
413 6051
414 5910
415 4704
416 5038
417 4827
418 4873
419 6126
420 5289
421 5003
422 4921
423 6099
424 6004
425 4777
426 5551
427 6293
428 6149
429 6195
430 6210
431 5485
432 5448
433 5301
434 5990
435 5942
436 5989
437 5191
438 5945
439 5910
440 5392
441 4933
442 4496
443 4403
444 5052
445 5826
446 5797
447 6001
448 5987
449 4490
450 4624
451 4502
452 5192
453 4761
454 5258
455 5536
456 4769
457 6344
458 6130
459 5858
460 5997
461 6155
462 4830
463 4336
464 4527
465 6224
466 5601
467 4540
468 5837
469 4291
470 4722
471 4761
472 6155
473 6206
474 5551
475 5678
476 4452
477 4454
478 4850
479 6155
480 4400
481 5967
482 4980
483 5081
484 4945
485 4427
486 5161
487 4381
488 6182
489 4862
490 4778
491 6003
492 5797
493 4736
494 5006
495 5246
496 5496
497 5426
498 6351
499 4427
500 4622
501 4381
502 5331
503 5810
504 4288
505 6138
506 5591
507 6035
508 4743
509 4874
510 5898
511 5123
512 5496
513 4451
514 5496
515 4356
516 5237
517 4902
518 5942
519 5795
520 5867
521 6155
522 4502
523 5898
524 4617
525 5496
526 5797
527 4451
528 5888
529 4400
530 5291
531 5298
532 6210
533 5678
534 6155
535 4927
536 5067
537 5751
538 4912
539 4811
540 5123
541 6001
542 5201
543 4375
544 4451
545 5697
546 4291
547 4968
548 4909
549 5243
550 6341
551 5660
552 4480
553 5627
554 5387
555 5659
556 5898
557 5846
558 4744
559 4878
560 5858
561 5316
562 6074
563 4317
564 5413
565 4480
566 5627
567 4640
568 5936
569 5119
570 6224
571 5270
572 5941
573 4788
574 6155
575 6063
576 5701
577 4589
578 5446
579 6155
580 5428
581 6001
582 5796
583 5626
584 6241
585 5744
586 4288
587 5551
588 6230
589 4384
590 4623
591 5898
592 5267
593 5284
594 5751
595 5677
596 5435
597 6110
598 6322
599 4954
600 5588
601 4740
602 5245
603 5678
604 5797
605 5797
606 5898
607 6185
608 5273
609 4714
610 5588
611 5625
612 5744
613 6160
614 5999
615 5941
616 4877
617 6169
618 4424
619 6250
620 5119
621 4705
622 5446
623 5856
624 4678
625 5370
626 5301
627 5949
628 5515
629 4758
630 5867
631 5319
632 6214
633 6351
634 5119
635 4715
636 4874
637 6303
638 5528
639 4714
640 4789
641 5551
642 6100
643 5842
644 4497
645 6138
646 4424
647 5444
648 4850
649 5510
650 4830
651 5811
652 6264
653 4291
654 6317
655 6022
656 4502
657 5975
658 5751
659 5971
660 5627
661 4613
662 5120
663 4606
664 5898
665 6154
666 4730
667 6264
668 4515
669 6230
670 4513
671 4975
672 6156
673 4573
674 5603
675 5267
676 5271
677 6032
678 5393
679 4922
680 5382
681 4733
682 4422
683 5128
684 4400
685 4959
686 4973
687 5849
688 5248
689 5941
690 6010
691 4997
692 4623
693 5398
694 6258
695 4786
696 4617
697 5306
698 6159
699 5199
700 5966
701 5551
702 4997
703 5271
704 4995
705 5197
706 5971
707 4534
708 6214
709 5448
710 6061
711 5769
712 5326
713 6249
714 4507
715 6257
716 5983
717 4299
718 4515
719 6306
720 6001
721 4877
722 4723
723 6277
724 5551
725 5862
726 5216
727 6218
728 6124
729 4623
730 5944
731 5546
732 4513
733 5834
734 4927
735 4873
736 5510
737 6084
738 5797
739 4393
740 6185
741 6065
742 5942
743 4502
744 5535
745 5240
746 4291
747 5389
748 5981
749 6214
750 5119
751 5668
752 5910
753 6249
754 4381
755 6040
756 5162
757 5785
758 6084
759 4491
760 4400
761 6314
762 6264
763 4899
764 5975
765 4427
766 4491
767 5867
768 4878
769 5867
770 4372
771 5981
772 6234
773 6159
774 5546
775 5947
776 5183
777 4714
778 4308
779 5223
780 6126
781 5789
782 4300
783 6329
784 5284
785 4480
786 5386
787 5832
788 4623
789 4360
790 6264
791 5201
792 6086
793 5359
794 6002
795 5957
796 5356
797 5065
798 5291
799 6133
800 5128
801 6110
802 4975
803 4899
804 6304
805 4868
806 4534
807 4398
808 5920
809 5550
810 6156
811 5258
812 4778
813 4431
814 6050
815 4623
816 4850
817 5972
818 5289
819 4647
820 6155
821 5366
822 5845
823 5857
824 4902
825 5115
826 6192
827 4711
828 5681
829 5556
830 5859
831 5788
832 4480
833 6145
834 5266
835 4590
836 4356
837 5400
838 4534
839 6074
840 5081
841 6249
842 4288
843 6149
844 6154
845 4786
846 5849
847 5712
848 5845
849 5890
850 4575
851 6065
852 5945
853 6107
854 4509
855 4876
856 4534
857 4327
858 6234
859 4954
860 5823
861 5195
862 4445
863 6338
864 5114
865 4379
866 5086
867 4711
868 5577
869 4383
870 4906
871 6256
872 4292
873 4651
874 6123
875 5601
876 5308
877 4623
878 5936
879 4714
880 5011
881 5276
882 4850
883 6151
884 5236
885 5191
886 4711
887 5682
888 4334
889 4433
890 4536
891 6152
892 5972
893 4685
894 4902
895 5086
896 6038
897 4357
898 6234
899 4623
900 5910
901 5841
902 5949
903 4368
904 5243
905 4623
906 6250
907 5210
908 4486
909 6316
910 4911
911 4308
912 6124
913 5114
914 5261
915 5483
916 4717
917 5181
918 4635
919 5772
920 5998
921 4789
922 6264
923 6329
924 5535
925 5919
926 4687
927 4437
928 4926
929 5678
930 5771
931 4375
932 5096
933 5898
934 5909
935 6154
936 6155
937 5197
938 5715
939 5856
940 4714
941 4733
942 4676
943 5161
944 5024
945 5083
946 4997
947 4868
948 5083
949 5754
950 6154
951 4437
952 4757
953 6308
954 5803
955 6187
956 4355
957 5780
958 6122
959 5758
960 5195
961 4608
962 5291
963 5183
964 4811
965 6249
966 4488
967 6191
968 4513
969 5754
970 4750
971 4786
972 4827
973 4902
974 4305
975 5201
976 5949
977 5856
978 5967
979 4759
980 4400
981 4753
982 5370
983 5065
984 6130
985 6202
986 5992
987 5488
988 4730
989 5909
990 5237
991 5488
992 6003
993 5593
994 5162
995 4903
996 5202
997 6017
998 4873
999 6314
1000 4647
1001 4878
1002 5751
1003 4737
1004 5825
1005 5204
1006 4727
1007 5338
1008 6035
1009 5910
1010 5564
1011 5227
1012 4997
1013 5256
1014 6068
1015 6166
1016 5808
1017 6101
1018 4461
1019 5751
1020 6131
1021 6107
1022 6346
1023 4689
1024 4429
1025 5677
1026 4934
1027 5750
1028 5445
1029 4434
1030 4360
1031 4381
1032 4427
1033 4934
1034 4508
1035 5605
1036 5451
1037 5791
1038 4977
1039 4451
1040 5481
1041 5991
1042 6169
1043 4528
1044 6100
1045 5849
1046 5992
1047 5832
1048 5230
1049 5895
1050 5783
1051 5314
1052 4873
1053 4536
1054 4426
1055 5537
1056 5435
1057 5226
1058 5231
1059 4389
1060 4368
1061 6346
1062 5336
1063 4848
1064 6102
1065 5128
1066 4647
1067 5062
1068 4509
1069 4957
1070 5496
1071 4412
1072 4715
1073 5224
1074 4733
1075 4390
1076 5981
1077 5483
1078 6039
1079 5972
1080 5201
1081 6084
1082 5810
1083 5803
1084 4714
1085 5377
1086 4750
1087 5981
1088 4844
1089 5744
1090 4509
1091 4395
1092 4480
1093 4876
1094 5701
1095 6220
1096 5627
1097 6185
1098 5808
1099 5230
1100 4480
1101 5751
1102 5266
1103 4958
1104 4384
1105 4528
1106 5725
1107 6155
1108 5246
1109 5723
1110 5814
1111 5191
1112 5524
1113 5400
1114 4488
1115 5114
1116 4608
1117 6065
1118 4532
1119 5591
1120 5226
1121 5739
1122 5038
1123 4316
1124 5822
1125 5798
1126 4623
1127 4868
1128 6155
1129 5243
1130 4626
1131 4786
1132 5186
1133 5510
1134 4965
1135 4390
1136 5751
1137 5056
1138 4773
1139 5373
1140 5682
1141 4480
1142 6149
1143 6074
1144 6017
1145 6121
1146 5992
1147 5181
1148 4594
1149 4575
1150 4613
1151 6040
1152 5826
1153 5343
1154 5764
1155 5556
1156 5803
1157 5754
1158 4892
1159 5603
1160 5034
1161 5312
1162 4995
1163 5796
1164 6103
1165 4425
1166 6128
1167 5041
1168 4814
1169 6316
1170 6124
1171 5210
1172 5128
1173 4760
1174 4564
1175 5377
1176 6276
1177 5799
1178 5791
1179 4687
1180 5502
1181 5158
1182 5598
1183 4591
1184 4906
1185 4594
1186 5126
1187 4515
1188 5507
1189 5859
1190 4923
1191 4651
1192 5024
1193 5928
1194 5199
1195 5824
1196 6070
1197 5305
1198 4452
1199 5138
1200 4327
1201 6024
1202 5975
1203 5625
1204 5942
1205 6210
1206 5326
1207 4563
1208 5920
1209 5837
1210 5267
1211 4381
1212 5967
1213 5299
1214 5972
1215 4708
1216 5353
1217 4869
1218 5745
1219 5600
1220 4731
1221 4379
1222 5489
1223 5248
1224 5600
1225 6124
1226 5447
1227 5936
1228 4746
1229 6144
1230 5794
1231 4726
1232 4906
1233 5039
1234 6019
1235 4434
1236 5415
1237 4845
1238 5147
1239 6001
1240 5794
1241 5402
1242 4593
1243 4560
1244 4549
1245 5725
1246 5458
1247 5890
1248 4853
1249 5301
1250 5033
1251 6146
1252 4560
1253 5223
1254 4850
1255 4534
1256 5949
1257 6055
1258 5659
1259 4368
1260 4357
1261 5414
1262 4586
1263 6230
1264 6336
1265 5119
1266 6210
1267 5998
1268 5910
1269 5238
1270 5972
1271 6073
1272 4845
1273 4715
1274 6073
1275 5967
1276 5331
1277 5401
1278 4395
1279 4647
1280 5675
1281 4878
1282 5990
1283 5888
1284 5888
1285 5399
1286 5648
1287 6322
1288 5723
1289 5238
1290 6107
1291 5331
1292 6303
1293 5775
1294 5377
1295 4761
1296 4905
1297 5677
1298 5797
1299 4845
1300 5246
1301 4368
1302 4309
1303 5492
1304 4944
1305 5640
1306 6150
1307 5999
1308 4549
1309 5678
1310 4623
1311 5642
1312 6126
1313 4968
1314 5021
1315 5669
1316 5402
1317 5942
1318 4623
1319 6057
1320 6167
1321 4687
1322 4574
1323 6254
1324 5830
1325 5258
1326 4904
1327 4647
1328 4642
1329 4344
1330 6318
1331 4723
1332 4390
1333 6086
1334 6185
1335 5922
1336 5991
1337 5411
1338 5843
1339 5971
1340 5245
1341 5056
1342 5438
1343 5458
1344 5125
1345 4777
1346 6192
1347 4991
1348 4704
1349 4509
1350 5463
1351 5823
1352 5981
1353 6006
1354 5936
1355 5910
1356 6185
1357 4459
1358 4507
1359 5695
1360 5127
1361 4382
1362 4318
1363 5998
1364 5185
1365 6261
1366 6317
1367 5380
1368 5556
1369 4695
1370 5020
1371 6100
1372 4939
1373 5884
1374 5019
1375 4899
1376 5343
1377 6308
1378 5949
1379 4375
1380 5875
1381 5151
1382 4578
1383 6060
1384 4737
1385 5293
1386 4686
1387 4470
1388 5677
1389 5923
1390 5714
1391 6121
1392 4747
1393 5273
1394 5284
1395 4513
1396 5910
1397 5104
1398 5783
1399 4848
1400 4939
1401 5239
1402 5347
1403 5266
1404 4876
1405 5128
1406 6155
1407 5225
1408 4709
1409 5481
1410 6038
1411 5825
1412 5556
1413 5658
1414 5023
1415 5745
1416 4783
1417 5528
1418 6219
1419 6154
1420 6245
1421 4868
1422 5703
1423 6124
1424 4409
1425 6169
1426 5981
1427 5462
1428 6316
1429 6055
1430 4876
1431 4968
1432 5783
1433 5222
1434 4429
1435 5945
1436 4761
1437 5042
1438 5237
1439 5101
1440 5645
1441 6251
1442 4470
1443 5243
1444 5447
1445 5890
1446 4429
1447 6145
1448 4902
1449 5021
1450 4714
1451 5715
1452 6125
1453 4623
1454 4623
1455 4997
1456 5725
1457 4390
1458 5814
1459 6158
1460 4426
1461 4811
1462 5112
1463 4333
1464 5297
1465 5900
1466 4590
1467 4583
1468 4715
1469 5723
1470 5258
1471 5630
1472 4866
1473 4915
1474 6149
1475 4915
1476 6340
1477 5831
1478 6186
1479 5489
1480 6334
1481 5256
1482 5837
1483 5226
1484 6135
1485 5919
1486 4892
1487 5197
1488 4915
1489 5936
1490 4480
1491 6210
1492 5075
1493 4759
1494 4400
1495 5449
1496 6217
1497 5280
1498 5261
1499 5509
1500 5109
1501 5550
1502 5792
1503 4878
1504 5197
1505 5252
1506 6240
1507 5410
1508 5473
1509 5848
1510 6040
1511 6076
1512 6154
1513 5549
1514 6127
1515 6270
1516 6308
1517 6183
1518 4536
1519 4500
1520 5038
1521 4340
1522 5728
1523 5723
1524 4565
1525 5787
1526 5425
1527 5122
1528 4400
1529 5395
1530 4820
1531 4811
1532 5271
1533 5737
1534 5011
1535 6295
1536 6323
1537 4918
1538 5949
1539 5791
1540 4640
1541 6192
1542 4584
1543 5712
1544 5096
1545 5131
1546 5727
1547 4378
1548 5665
1549 5438
1550 5916
1551 5825
1552 4811
1553 6072
1554 5735
1555 5639
1556 5712
1557 6136
1558 4583
1559 5352
1560 4633
1561 4361
1562 5464
1563 5442
1564 6100
1565 5509
1566 5896
1567 4459
1568 4894
1569 5753
1570 5466
1571 4966
1572 4819
1573 5083
1574 4810
1575 5823
1576 6001
1577 4927
1578 5895
1579 4435
1580 5905
1581 5446
1582 4781
1583 5241
1584 6000
1585 4850
1586 6155
1587 5029
1588 5448
1589 6122
1590 5972
1591 5243
1592 4747
1593 4288
1594 4382
1595 4918
1596 6351
1597 4291
1598 6316
1599 5284
1600 5226
1601 5814
1602 5826
1603 4437
1604 5438
1605 5385
1606 6055
1607 5580
1608 6010
1609 5771
1610 5657
1611 5197
1612 5588
1613 5076
1614 5103
1615 4786
1616 5119
1617 4513
1618 5640
1619 5210
1620 4717
1621 4528
1622 5556
1623 5954
1624 5142
1625 4296
1626 4535
1627 5226
1628 5331
1629 5725
1630 5502
1631 4725
1632 5913
1633 4917
1634 5721
1635 4533
1636 5273
1637 4906
1638 5236
1639 6042
1640 6228
1641 4590
1642 6144
1643 5791
1644 5853
1645 5997
1646 6338
1647 4327
1648 6047
1649 5921
1650 4801
1651 5596
1652 5972
1653 5187
1654 6006
1655 5201
1656 4427
1657 5745
1658 5382
1659 6138
1660 5546
1661 5331
1662 5240
1663 6054
1664 5038
1665 4717
1666 4381
1667 5392
1668 5201
1669 5905
1670 5199
1671 6061
1672 5601
1673 5799
1674 5291
1675 5446
1676 5181
1677 5388
1678 4902
1679 5609
1680 4786
1681 4367
1682 4477
1683 6340
1684 4733
1685 6182
1686 4857
1687 5591
1688 4575
1689 4427
1690 4623
1691 5751
1692 5859
1693 5619
1694 5655
1695 6155
1696 6183
1697 4454
1698 5875
1699 6006
1700 5651
1701 5204
1702 5572
1703 5638
1704 4507
1705 4845
1706 6220
1707 6083
1708 5438
1709 4559
1710 4379
1711 5038
1712 4934
1713 4375
1714 6055
1715 4897
1716 5509
1717 6273
1718 5189
1719 5250
1720 4288
1721 5556
1722 4990
1723 5415
1724 4507
1725 6145
1726 4449
1727 4424
1728 4502
1729 5794
1730 4551
1731 5218
1732 5502
1733 5377
1734 4582
1735 4890
1736 4460
1737 4640
1738 5856
1739 4760
1740 5530
1741 4375
1742 6121
1743 4379
1744 6134
1745 4800
1746 4974
1747 5418
1748 6086
1749 6006
1750 5914
1751 4479
1752 4717
1753 4657
1754 4874
1755 6101
1756 4480
1757 6012
1758 5265
1759 6212
1760 5736
1761 4771
1762 6107
1763 5152
1764 5438
1765 6171
1766 5852
1767 5794
1768 5140
1769 4782
1770 5783
1771 5066
1772 4457
1773 5917
1774 5255
1775 5492
1776 5937
1777 4523
1778 4509
1779 4300
1780 4308
1781 5038
1782 6226
1783 5971
1784 4549
1785 5767
1786 5210
1787 5763
1788 4918
1789 5712
1790 6002
1791 5410
1792 6123
1793 5295
1794 5907
1795 5983
1796 5438
1797 4644
1798 5232
1799 5516
1800 5042
1801 5990
1802 4737
1803 5873
1804 5144
1805 4857
1806 6277
1807 5999
1808 4417
1809 5978
1810 5921
1811 4952
1812 6315
1813 4974
1814 6185
1815 5348
1816 5031
1817 5936
1818 5290
1819 6071
1820 6189
1821 5523
1822 6122
1823 6306
1824 5456
1825 6172
1826 4839
1827 4918
1828 6220
1829 5299
1830 5007
1831 6230
1832 6195
1833 4483
1834 5402
1835 5713
1836 4960
1837 4929
1838 5083
1839 5967
1840 6214
1841 4515
1842 6003
1843 4791
1844 4335
1845 5403
1846 6136
1847 5930
1848 5560
1849 4939
1850 6010
1851 5827
1852 4873
1853 5033
1854 5601
1855 4750
1856 4927
1857 6259
1858 6106
1859 4771
1860 6314
1861 4378
1862 5613
1863 6154
1864 5160
1865 4887
1866 5712
1867 6101
1868 5787
1869 4391
1870 5272
1871 6122
1872 5683
1873 6189
1874 5590
1875 6014
1876 5161
1877 4480
1878 5248
1879 5238
1880 4379
1881 4623
1882 5492
1883 5905
1884 5438
1885 5034
1886 5166
1887 4611
1888 5451
1889 5659
1890 6154
1891 5905
1892 5662
1893 5380
1894 5791
1895 4761
1896 4705
1897 6107
1898 5402
1899 5601
1900 4681
1901 4845
1902 4998
1903 4906
1904 6275
1905 4733
1906 4886
1907 4516
1908 4466
1909 5021
1910 4535
1911 5439
1912 5796
1913 4592
1914 4735
1915 4533
1916 6007
1917 6329
1918 5214
1919 5442
1920 6050
1921 6258
1922 5837
1923 5537
1924 6340
1925 4623
1926 6268
1927 4878
1928 6161
1929 4515
1930 4733
1931 5919
1932 6273
1933 5481
1934 5142
1935 6035
1936 5324
1937 4491
1938 6252
1939 5217
1940 5187
1941 4625
1942 6155
1943 4575
1944 6155
1945 5182
1946 6264
1947 4291
1948 5289
1949 5802
1950 5141
1951 5875
1952 4513
1953 4435
1954 4651
1955 5921
1956 5797
1957 5791
1958 5370
1959 4333
1960 4360
1961 5336
1962 6143
1963 4565
1964 6273
1965 6198
1966 6273
1967 6329
1968 5279
1969 4281
1970 4419
1971 6128
1972 5595
1973 5341
1974 5109
1975 6243
1976 5713
1977 5401
1978 5823
1979 4427
1980 4910
1981 4401
1982 4970
1983 5109
1984 4318
1985 6084
1986 5249
1987 6268
1988 5270
1989 5502
1990 5322
1991 4977
1992 5400
1993 6232
1994 5242
1995 5240
1996 6122
1997 5255
1998 5990
1999 5652
2000 4379
2001 4704
2002 4807
2003 4364
2004 5644
2005 5175
2006 6201
2007 6101
2008 4392
2009 5898
2010 5165
2011 5972
2012 4977
2013 4805
2014 5210
2015 5011
2016 6075
2017 4902
2018 6147
2019 5910
2020 5543
2021 5663
2022 6068
2023 6230
2024 5621
2025 5187
2026 6120
2027 5821
2028 5509
2029 4318
2030 5777
2031 4549
2032 4580
2033 4349
2034 4938
2035 4463
2036 5109
2037 5739
2038 5270
2039 5534
2040 5085
2041 4427
2042 5535
2043 6340
2044 5634
2045 5856
2046 4958
2047 6304
2048 4723
2049 5898
2050 5572
2051 4566
2052 5652
2053 6122
2054 5232
2055 6340
2056 4659
2057 5265
2058 5712
2059 6340
2060 4878
2061 5094
2062 5415
2063 4471
2064 5458
2065 5458
2066 5626
2067 4473
2068 5794
2069 4698
2070 4448
2071 4750
2072 5972
2073 4953
2074 4890
2075 5671
2076 4319
2077 4709
2078 5921
2079 5600
2080 6228
2081 5292
2082 5043
2083 5786
2084 5505
2085 6229
2086 5498
2087 5900
2088 4567
2089 5127
2090 5702
2091 5232
2092 4385
2093 5907
2094 5425
2095 5993
2096 5076
2097 4384
2098 5368
2099 4702
2100 4366
2101 5400
2102 6120
2103 5126
2104 5399
2105 4671
2106 5338
2107 4317
2108 4678
2109 5661
2110 6313
2111 4955
2112 5294
2113 5086
2114 6062
2115 5214
2116 6275
2117 5392
2118 5056
2119 4995
2120 5540
2121 6110
2122 5981
2123 6273
2124 5943
2125 5319
2126 6084
2127 5448
2128 4517
2129 4312
2130 5990
2131 4514
2132 6065
2133 4352
2134 4394
2135 5615
2136 4673
2137 5953
2138 5092
2139 4362
2140 6106
2141 4689
2142 6195
2143 5935
2144 5723
2145 4613
2146 5803
2147 5435
2148 5967
2149 5456
2150 6051
2151 5675
2152 6281
2153 6201
2154 5401
2155 6196
2156 5119
2157 5415
2158 4705
2159 5243
2160 5681
2161 5546
2162 4418
2163 5953
2164 4868
2165 4318
2166 6340
2167 5785
2168 4460
2169 4811
2170 5933
2171 6067
2172 5678
2173 5188
2174 5914
2175 5556
2176 4493
2177 5404
2178 4685
2179 6340
2180 5719
2181 5166
2182 4430
2183 5034
2184 4685
2185 4575
2186 5657
2187 6324
2188 5207
2189 4637
2190 4382
2191 5949
2192 5136
2193 5037
2194 4292
2195 5579
2196 5619
2197 6210
2198 5112
2199 6070
2200 4980
2201 4984
2202 5382
2203 4519
2204 5139
2205 6340
2206 5303
2207 5617
2208 5672
2209 4651
2210 4967
2211 5429
2212 4613
2213 4596
2214 5272
2215 5914
2216 5985
2217 4965
2218 6273
2219 4719
2220 5280
2221 4634
2222 6194
2223 6343
2224 5360
2225 4503
2226 5567
2227 5067
2228 4928
2229 5492
2230 4333
2231 5115
2232 6346
2233 5233
2234 5502
2235 5189
2236 5625
2237 5313
2238 5221
2239 4673
2240 6040
2241 5737
2242 4841
2243 4585
2244 5110
2245 5648
2246 6038
2247 6267
2248 4907
2249 4400
2250 5722
2251 4786
2252 5799
2253 6095
2254 5026
2255 6312
2256 6008
2257 5176
2258 5711
2259 5201
2260 4354
2261 5917
2262 5014
2263 6153
2264 5711
2265 5751
2266 4382
2267 5334
2268 5193
2269 6278
2270 5842
2271 5818
2272 5949
2273 6096
2274 6230
2275 4515
2276 5653
2277 4740
2278 6316
2279 4648
2280 5804
2281 4975
2282 5266
2283 5258
2284 4595
2285 4760
2286 6087
2287 4807
2288 4772
2289 6340
2290 5819
2291 5279
2292 5964
2293 5829
2294 5359
2295 5726
2296 6340
2297 6281
2298 4343
2299 4615
2300 5907
2301 5289
2302 5433
2303 6005
2304 4524
2305 6340
2306 4290
2307 6017
2308 6168
2309 5383
2310 5076
2311 5079
2312 4685
2313 5167
2314 4691
2315 6283
2316 4916
2317 4349
2318 5438
2319 5349
2320 6253
2321 5164
2322 4417
2323 6327
2324 6311
2325 4981
2326 5077
2327 5550
2328 4575
2329 5456
2330 6169
2331 6264
2332 4382
2333 6035
2334 6241
2335 5038
2336 6274
2337 6155
2338 5045
2339 6224
2340 5694
2341 5014
2342 5600
2343 6206
2344 4997
2345 5141
2346 6122
2347 6210
2348 6273
2349 4947
2350 5095
2351 6084
2352 5605
2353 4427
2354 5174
2355 5901
2356 5614
2357 4508
2358 5083
2359 5200
2360 4704
2361 4534
2362 5942
2363 5084
2364 5266
2365 5574
2366 4725
2367 5125
2368 4615
2369 5934
2370 5481
2371 4765
2372 5733
2373 6043
2374 5719
2375 5329
2376 6202
2377 6314
2378 4949
2379 4926
2380 5851
2381 4364
2382 6340
2383 4818
2384 5079
2385 5794
2386 5963
2387 5629
2388 5120
2389 5206
2390 5809
2391 6075
2392 4766
2393 5990
2394 6117
2395 5366
2396 5533
2397 4401
2398 6239
2399 5676
2400 4790
2401 4526
2402 5476
2403 4794
2404 4512
2405 4313
2406 5034
2407 6340
2408 5870
2409 4753
2410 5538
2411 6195
2412 5199
2413 4639
2414 6003
2415 5651
2416 4739
2417 5693
2418 5750
2419 6320
2420 5554
2421 6225
2422 5813
2423 6284
2424 4977
2425 6340
2426 5559
2427 6253
2428 5828
2429 6077
2430 5984
2431 4727
2432 5367
2433 6340
2434 5539
2435 4485
2436 5604
2437 4402
2438 5617
2439 5406
2440 4417
2441 4893
2442 5859
2443 4906
2444 5016
2445 4967
2446 4373
2447 6260
2448 5714
2449 6017
2450 4694
2451 4775
2452 6114
2453 5057
2454 5342
2455 4896
2456 4942
2457 6272
2458 5339
2459 4997
2460 4969
2461 4431
2462 4946
2463 5815
2464 4623
2465 5437
2466 4685
2467 4292
2468 4902
2469 5205
2470 5211
2471 6289
2472 5751
2473 5284
2474 6187
2475 6171
2476 5462
2477 6122
2478 6273
2479 5885
2480 4523
2481 5857
2482 5676
2483 5258
2484 5389
2485 6318
2486 4750
2487 5932
2488 4304
2489 4870
2490 5556
2491 6107
2492 4586
2493 5078
2494 6084
2495 4821
2496 5546
2497 5320
2498 5335
2499 6227
2500 4751
2501 6259
2502 5856
2503 6118
2504 5079
2505 6117
2506 5072
2507 5671
2508 4302
2509 4635
2510 4556
2511 5711
2512 5384
2513 4469
2514 5949
2515 4382
2516 5298
2517 4349
2518 6229
2519 6146
2520 5853
2521 5554
2522 5360
2523 5749
2524 4317
2525 5292
2526 4427
2527 5023
2528 4695
2529 5328
2530 4868
2531 6202
2532 5767
2533 4688
2534 4601
2535 6199
2536 6146
2537 4944
2538 4803
2539 4920
2540 5114
2541 4580
2542 5864
2543 4471
2544 5417
2545 4518
2546 4325
2547 6106
2548 5526
2549 5261
2550 4623
2551 5637
2552 4655
2553 5453
2554 4478
2555 5264
2556 4364
2557 5735
2558 4638
2559 5527
2560 4465
2561 5169
2562 5279
2563 5752
2564 5983
2565 5799
2566 5765
2567 4417
2568 5790
2569 5181
2570 6096
2571 6119
2572 5275
2573 4791
2574 5651
2575 5190
2576 4384
2577 5229
2578 5259
2579 4954
2580 5123
2581 4765
2582 5619
2583 6264
2584 4440
2585 5073
2586 5651
2587 5212
2588 4640
2589 5531
2590 5437
2591 4947
2592 4282
2593 4512
2594 4846
2595 4930
2596 5121
2597 6328
2598 6155
2599 5799
2600 6163
2601 5640
2602 6220
2603 6220
2604 5721
2605 6249
2606 5842
2607 5673
2608 4390
2609 5670
2610 5276
2611 5321
2612 4426
2613 6195
2614 6179
2615 5738
2616 4882
2617 5539
2618 4602
2619 5162
2620 4510
2621 5551
2622 5338
2623 5318
2624 5216
2625 4586
2626 6122
2627 5663
2628 4882
2629 4818
2630 5058
2631 4570
2632 4333
2633 4842
2634 6214
2635 5112
2636 5535
2637 5468
2638 5919
2639 6042
2640 5289
2641 4477
2642 5841
2643 6338
2644 5238
2645 6301
2646 5909
2647 6346
2648 5720
2649 4693
2650 6049
2651 6162
2652 4603
2653 6340
2654 6022
2655 5964
2656 6107
2657 5076
2658 4889
2659 5305
2660 5281
2661 5761
2662 5812
2663 4555
2664 5353
2665 5032
2666 4545
2667 5712
2668 6177
2669 4398
2670 6096
2671 6278
2672 5446
2673 5514
2674 5427
2675 4310
2676 6346
2677 4612
2678 6216
2679 5465
2680 6176
2681 5898
2682 6222
2683 5888
2684 4980
2685 4298
2686 5098
2687 5497
2688 5191
2689 4932
2690 4664
2691 4725
2692 6121
2693 5385
2694 4733
2695 5141
2696 5299
2697 5869
2698 4516
2699 4741
2700 5750
2701 4291
2702 6219
2703 5991
2704 5590
2705 4949
2706 5948
2707 4507
2708 5745
2709 5213
2710 6110
2711 4498
2712 5895
2713 4799
2714 4971
2715 4457
2716 6098
2717 4454
2718 6038
2719 4770
2720 5438
2721 5854
2722 5671
2723 4655
2724 5683
2725 4845
2726 6208
2727 6325
2728 5555
2729 5263
2730 4294
2731 6007
2732 4951
2733 5469
2734 5891
2735 5354
2736 5750
2737 5277
2738 5495
2739 4865
2740 6028
2741 4601
2742 4754
2743 4833
2744 4977
2745 6090
2746 5038
2747 5845
2748 5070
2749 5964
2750 5447
2751 4923
2752 6273
2753 5556
2754 5375
2755 6124
2756 4761
2757 6124
2758 4543
2759 5240
2760 4614
2761 4933
2762 5533
2763 5518
2764 5643
2765 4980
2766 5839
2767 5402
2768 4472
2769 6008
2770 5370
2771 5250
2772 4962
2773 4998
2774 4868
2775 6029
2776 5953
2777 5455
2778 5317
2779 5502
2780 6316
2781 4626
2782 5240
2783 5768
2784 5540
2785 6107
2786 6145
2787 6004
2788 5073
2789 5139
2790 5955
2791 5709
2792 6271
2793 6098
2794 5928
2795 6200
2796 5177
2797 6254
2798 5670
2799 5635
2800 6210
2801 5810
2802 5193
2803 5310
2804 6122
2805 4819
2806 4864
2807 5137
2808 5477
2809 5657
2810 6261
2811 5517
2812 6221
2813 4883
2814 4727
2815 6056
2816 5106
2817 4742
2818 4341
2819 5663
2820 4828
2821 6315
2822 4660
2823 5116
2824 5484
2825 5251
2826 5835
2827 6154
2828 5787
2829 6190
2830 4992
2831 6288
2832 6233
2833 6107
2834 5741
2835 4590
2836 4709
2837 4826
2838 4791
2839 4409
2840 5878
2841 5264
2842 6329
2843 4768
2844 5918
2845 4476
2846 5353
2847 5263
2848 4980
2849 5325
2850 6120
2851 6291
2852 4618
2853 5283
2854 4453
2855 5880
2856 4662
2857 5592
2858 4482
2859 4610
2860 6162
2861 5059
2862 4307
2863 5130
2864 5874
2865 5639
2866 4411
2867 5632
2868 5340
2869 5365
2870 6328
2871 5408
2872 5518
2873 6058
2874 5606
2875 5771
2876 5952
2877 5357
2878 5793
2879 4441
2880 4976
2881 5107
2882 6282
2883 5178
2884 5131
2885 6332
2886 4965
2887 4380
2888 6138
2889 6046
2890 5462
2891 5333
2892 5617
2893 6279
2894 6109
2895 5801
2896 5104
2897 5922
2898 4718
2899 4404
2900 5437
2901 5420
2902 6345
2903 4863
2904 5745
2905 6191
2906 5312
2907 4859
2908 4850
2909 5502
2910 5633
2911 5070
2912 5419
2913 4688
2914 5983
2915 4439
2916 5236
2917 4684
2918 5382
2919 6178
2920 5467
2921 4606
2922 4528
2923 5000
2924 5634
2925 6157
2926 4751
2927 4430
2928 4364
2929 6229
2930 4569
2931 4834
2932 5671
2933 5508
2934 5813
2935 6057
2936 5747
2937 5589
2938 5334
2939 4376
2940 4823
2941 5817
2942 5557
2943 5154
2944 5587
2945 4813
2946 5201
2947 6050
2948 5541
2949 4713
2950 5994
2951 4333
2952 5683
2953 4407
2954 6297
2955 6236
2956 6339
2957 5102
2958 5354
2959 5007
2960 5043
2961 5254
2962 6296
2963 5378
2964 4421
2965 5224
2966 5597
2967 6069
2968 5867
2969 5074
2970 4661
2971 5115
2972 5980
2973 6001
2974 5288
2975 5949
2976 4685
2977 4588
2978 4784
2979 5932
2980 5553
2981 5297
2982 4925
2983 6238
2984 5381
2985 5382
2986 5836
2987 5256
2988 4787
2989 6179
2990 5286
2991 6123
2992 5558
2993 5657
2994 4840
2995 6269
2996 5079
2997 5734
2998 6322
2999 5582
3000 4801
3001 5193
3002 5572
3003 6147
3004 4860
3005 5079
3006 4796
3007 5671
3008 4884
3009 5533
3010 4711
3011 4386
3012 5736
3013 4352
3014 6141
3015 5649
3016 5209
3017 4721
3018 5607
3019 4809
3020 5371
3021 4726
3022 4359
3023 4371
3024 5299
3025 5969
3026 6205
3027 4620
3028 5368
3029 5231
3030 4557
3031 5372
3032 4760
3033 5746
3034 4519
3035 4884
3036 5089
3037 4748
3038 5650
3039 4519
3040 4939
3041 6111
3042 4734
3043 5112
3044 5476
3045 4352
3046 6263
3047 5189
3048 5786
3049 4562
3050 6016
3051 5670
3052 5435
3053 4619
3054 5651
3055 6025
3056 5787
3057 5986
3058 5168
3059 6093
3060 6292
3061 4762
3062 4672
3063 6038
3064 5968
3065 5112
3066 4843
3067 4978
3068 4868
3069 4292
3070 5512
3071 5102
3072 6154
3073 4978
3074 5120
3075 4283
3076 6029
3077 4431
3078 4927
3079 4445
3080 5972
3081 5651
3082 5599
3083 4978
3084 4644
3085 4733
3086 5932
3087 5642
3088 6035
3089 4845
3090 4280
3091 6144
3092 4949
3093 6237
3094 5556
3095 5607
3096 4976
3097 5856
3098 4782
3099 6262
3100 5685
3101 6345
3102 4729
3103 5116
3104 5390
3105 5793
3106 4930
3107 5494
3108 5260
3109 6211
3110 4647
3111 5986
3112 4774
3113 5126
3114 6103
3115 4475
3116 4331
3117 6105
3118 5928
3119 4977
3120 6197
3121 5839
3122 6081
3123 4321
3124 6129
3125 5912
3126 6269
3127 4724
3128 4868
3129 5926
3130 5958
3131 5921
3132 5385
3133 5409
3134 5049
3135 5584
3136 4408
3137 5545
3138 4759
3139 4899
3140 5025
3141 5328
3142 5872
3143 5258
3144 5490
3145 4303
3146 6131
3147 4789
3148 5734
3149 4544
3150 6143
3151 5580
3152 6132
3153 6354
3154 5629
3155 4988
3156 5755
3157 5027
3158 4401
3159 5067
3160 6337
3161 6241
3162 4665
3163 5402
3164 5751
3165 5633
3166 4936
3167 5976
3168 5971
3169 4873
3170 5156
3171 4997
3172 4908
3173 5932
3174 4527
3175 6303
3176 4695
3177 5412
3178 4603
3179 5210
3180 6107
3181 4888
3182 6041
3183 4603
3184 4786
3185 5825
3186 6018
3187 5398
3188 5921
3189 4805
3190 5938
3191 4511
3192 5571
3193 5892
3194 5244
3195 4755
3196 6103
3197 5531
3198 6350
3199 6349
3200 5544
3201 5208
3202 6087
3203 5278
3204 4463
3205 4703
3206 5774
3207 6037
3208 5297
3209 5608
3210 5494
3211 6173
3212 5931
3213 4618
3214 6075
3215 6314
3216 5203
3217 5813
3218 4891
3219 6023
3220 4964
3221 5805
3222 5055
3223 6114
3224 6282
3225 6331
3226 4649
3227 5362
3228 5552
3229 4561
3230 4605
3231 5863
3232 4913
3233 4976
3234 5254
3235 5864
3236 4416
3237 4936
3238 5019
3239 4696
3240 6055
3241 5311
3242 6196
3243 5913
3244 6333
3245 4599
3246 6356
3247 5068
3248 6107
3249 5093
3250 4297
3251 4916
3252 5010
3253 5879
3254 4628
3255 4935
3256 4747
3257 6080
3258 5694
3259 5285
3260 5631
3261 5471
3262 5129
3263 5995
3264 4669
3265 5141
3266 4613
3267 4847
3268 5005
3269 4466
3270 5873
3271 5776
3272 5914
3273 4727
3274 5125
3275 5402
3276 6121
3277 5704
3278 4931
3279 4933
3280 5583
3281 5961
3282 4879
3283 5163
3284 6126
3285 5028
3286 6208
3287 4460
3288 5360
3289 5915
3290 5611
3291 4522
3292 5202
3293 4994
3294 4336
3295 4807
3296 5656
3297 5254
3298 4427
3299 6139
3300 4597
3301 5219
3302 4779
3303 5412
3304 5647
3305 4455
3306 4871
3307 4460
3308 5504
3309 4506
3310 4764
3311 5920
3312 4978
3313 5117
3314 5724
3315 6178
3316 5273
3317 4797
3318 6058
3319 4417
3320 6342
3321 5886
3322 5157
3323 5827
3324 5637
3325 4667
3326 5056
3327 4485
3328 5793
3329 5610
3330 5208
3331 4854
3332 4462
3333 5082
3334 6316
3335 5403
3336 4858
3337 4763
3338 4816
3339 5718
3340 5929
3341 5691
3342 5576
3343 5113
3344 5778
3345 6124
3346 4478
3347 5172
3348 6330
3349 5685
3350 4828
3351 5793
3352 6285
3353 5826
3354 5506
3355 5402
3356 6112
3357 5184
3358 4852
3359 4461
3360 5651
3361 5139
3362 5150
3363 6053
3364 6226
3365 6037
3366 5733
3367 4598
3368 4898
3369 6085
3370 6091
3371 5654
3372 4351
3373 6242
3374 5974
3375 5021
3376 5885
3377 5677
3378 4349
3379 5234
3380 6107
3381 5428
3382 4695
3383 4541
3384 5751
3385 4363
3386 5917
3387 4450
3388 5679
3389 5287
3390 6231
3391 4555
3392 5899
3393 4428
3394 5268
3395 5563
3396 5491
3397 4295
3398 5351
3399 5681
3400 5816
3401 5590
3402 5876
3403 4843
3404 5729
3405 4676
3406 5737
3407 5868
3408 5385
3409 5918
3410 5712
3411 4471
3412 4925
3413 6103
3414 6340
3415 4552
3416 5936
3417 5509
3418 5002
3419 5666
3420 4795
3421 4665
3422 4464
3423 4543
3424 5470
3425 5262
3426 6326
3427 4804
3428 5921
3429 6340
3430 6210
3431 4653
3432 4653
3433 6312
3434 5234
3435 5087
3436 5041
3437 5647
3438 5988
3439 4337
3440 4476
3441 4345
3442 6153
3443 5751
3444 4603
3445 5134
3446 5216
3447 5674
3448 5402
3449 4919
3450 5690
3451 5548
3452 5666
3453 5457
3454 4717
3455 6115
3456 5898
3457 5965
3458 5388
3459 5309
3460 4742
3461 4427
3462 6036
3463 4391
3464 4663
3465 4856
3466 5180
3467 6128
3468 5358
3469 6034
3470 5333
3471 6295
3472 4320
3473 5820
3474 6009
3475 5013
3476 4808
3477 5529
3478 4521
3479 6224
3480 4891
3481 6096
3482 6286
3483 5925
3484 4306
3485 4937
3486 4607
3487 4374
3488 5840
3489 6294
3490 4654
3491 5719
3492 5114
3493 5255
3494 5813
3495 5171
3496 5391
3497 4850
3498 4314
3499 5616
3500 6037
3501 5908
3502 4891
3503 5048
3504 5628
3505 4808
3506 4454
3507 5330
3508 6038
3509 5480
3510 6031
3511 4377
3512 5959
3513 4300
3514 4289
3515 4383
3516 6309
3517 4347
3518 4420
3519 5118
3520 6277
3521 5547
3522 4680
3523 5590
3524 5043
3525 4815
3526 4616
3527 4656
3528 4857
3529 5344
3530 5706
3531 5355
3532 6205
3533 4471
3534 4319
3535 5533
3536 5146
3537 4838
3538 5441
3539 5999
3540 5220
3541 5586
3542 5323
3543 5674
3544 5228
3545 5236
3546 4978
3547 4872
3548 4685
3549 6107
3550 5415
3551 5633
3552 6346
3553 5079
3554 4739
3555 5908
3556 6188
3557 4560
3558 5422
3559 4725
3560 5772
3561 4337
3562 4464
3563 5652
3564 5643
3565 4447
3566 5908
3567 6109
3568 4739
3569 5012
3570 5740
3571 5921
3572 4604
3573 4779
3574 5643
3575 5766
3576 4757
3577 4658
3578 5833
3579 5683
3580 5734
3581 6247
3582 6192
3583 5170
3584 4697
3585 5335
3586 5741
3587 4917
3588 6231
3589 4929
3590 5402
3591 4555
3592 4732
3593 5108
3594 4825
3595 5575
3596 5624
3597 4353
3598 6319
3599 5461
3600 4481
3601 6213
3602 6012
3603 5514
3604 5363
3605 5105
3606 6343
3607 4630
3608 5855
3609 5430
3610 4867
3611 5513
3612 4747
3613 4643
3614 5622
3615 5760
3616 4692
3617 5689
3618 5382
3619 4505
3620 4576
3621 6306
3622 4872
3623 5035
3624 6165
3625 5637
3626 5454
3627 4986
3628 4639
3629 4464
3630 5590
3631 5877
3632 6287
3633 6207
3634 5220
3635 4332
3636 6286
3637 5590
3638 5800
3639 5079
3640 4880
3641 5884
3642 4989
3643 6108
3644 5647
3645 6240
3646 4785
3647 5555
3648 5460
3649 4977
3650 6349
3651 5921
3652 6357
3653 4339
3654 4338
3655 6044
3656 5058
3657 5036
3658 5091
3659 5886
3660 5435
3661 6209
3662 5890
3663 5612
3664 5071
3665 4329
3666 5077
3667 5247
3668 4446
3669 6107
3670 5951
3671 5670
3672 6352
3673 6080
3674 4776
3675 4937
3676 4542
3677 6217
3678 4937
3679 5523
3680 5159
3681 6329
3682 5050
3683 5624
3684 5274
3685 6184
3686 6092
3687 4993
3688 5939
3689 5278
3690 6335
3691 5436
3692 5844
3693 5962
3694 5766
3695 4666
3696 4396
3697 6191
3698 5618
3699 6340
3700 6340
3701 5970
3702 4933
3703 4571
3704 6110
3705 5410
3706 4579
3707 4864
3708 4326
3709 5973
3710 5046
3711 6170
3712 4577
3713 6081
3714 5921
3715 4318
3716 4549
3717 4817
3718 4756
3719 5398
3720 5004
3721 5684
3722 5585
3723 5179
3724 4704
3725 5158
3726 6154
3727 5382
3728 5208
3729 4405
3730 5521
3731 5374
3732 4474
3733 5170
3734 5017
3735 5483
3736 4712
3737 5687
3738 5432
3739 5421
3740 5615
3741 5018
3742 6080
3743 5997
3744 5332
3745 4690
3746 5919
3747 5742
3748 5022
3749 5443
3750 4523
3751 4279
3752 5847
3753 5882
3754 5257
3755 4629
3756 4587
3757 6340
3758 5133
3759 5756
3760 5068
3761 5287
3762 4487
3763 5781
3764 5850
3765 5068
3766 5920
3767 6180
3768 6052
3769 4767
3770 6215
3771 5637
3772 6331
3773 5985
3774 5906
3775 5145
3776 5762
3777 5410
3778 5897
3779 5235
3780 5061
3781 4683
3782 6039
3783 4817
3784 6110
3785 4539
3786 4442
3787 5040
3788 5500
3789 6280
3790 6290
3791 5692
3792 5304
3793 5407
3794 5908
3795 5686
3796 6298
3797 4632
3798 6250
3799 5486
3800 5767
3801 5040
3802 6227
3803 5532
3804 5800
3805 5940
3806 6030
3807 4872
3808 4891
3809 4489
3810 4700
3811 4728
3812 5699
3813 4849
3814 4868
3815 4885
3816 4285
3817 6351
3818 4293
3819 5716
3820 4872
3821 5436
3822 5741
3823 4559
3824 6346
3825 5261
3826 4417
3827 6291
3828 4323
3829 4851
3830 5893
3831 5499
3832 5988
3833 5001
3834 4717
3835 6097
3836 5135
3837 5865
3838 4286
3839 4558
3840 5807
3841 4520
3842 5526
3843 4284
3844 5032
3845 5254
3846 5088
3847 5054
3848 5950
3849 4941
3850 4738
3851 4701
3852 5700
3853 4875
3854 6223
3855 4606
3856 6181
3857 6015
3858 5487
3859 6353
3860 4328
3861 5459
3862 4980
3863 6205
3864 6137
3865 4985
3866 5903
3867 4484
3868 4995
3869 6026
3870 5782
3871 5296
3872 4410
3873 4643
3874 4337
3875 4464
3876 6348
3877 5220
3878 6107
3879 6154
3880 5115
3881 4950
3882 4621
3883 6051
3884 5683
3885 5384
3886 4337
3887 5791
3888 5097
3889 4706
3890 5867
3891 6305
3892 4388
3893 6148
3894 5424
3895 5069
3896 5440
3897 6246
3898 4707
3899 4287
3900 5611
3901 4499
3902 5941
3903 5757
3904 5946
3905 6080
3906 5132
3907 4979
3908 5894
3909 4901
3910 5578
3911 5611
3912 5198
3913 6089
3914 4792
3915 5224
3916 5688
3917 6263
3918 5556
3919 6191
3920 4996
3921 5142
3922 6175
3923 4766
3924 4798
3925 6013
3926 5960
3927 4342
3928 4370
3929 4436
3930 4363
3931 4485
3932 5112
3933 4641
3934 6066
3935 4948
3936 4636
3937 5093
3938 5734
3939 5813
3940 4961
3941 4779
3942 5944
3943 5511
3944 5911
3945 5405
3946 5590
3947 6268
3948 4717
3949 4861
3950 5355
3951 5327
3952 4943
3953 6048
3954 4956
3955 5664
3956 4812
3957 5827
3958 5996
3959 4973
3960 4397
3961 5269
3962 5730
3963 5230
3964 5731
3965 4670
3966 4642
3967 4432
3968 4836
3969 4443
3970 4983
3971 4697
3972 4278
3973 4516
3974 4881
3975 4348
3976 6300
3977 5364
3978 4710
3979 5887
3980 5956
3981 4978
3982 5561
3983 5478
3984 4568
3985 5394
3986 5680
3987 6113
3988 5646
3989 4650
3990 5143
3991 5350
3992 5300
3993 4685
3994 5881
3995 4346
3996 5927
3997 4817
3998 5361
3999 4646
4000 4744
4001 5097
4002 5562
4003 6019
4004 5883
4005 5063
4006 4559
4007 5901
4008 4531
4009 5522
4010 6255
4011 5099
4012 5449
4013 5902
4014 5778
4015 5729
4016 4413
4017 6231
4018 6287
4019 5839
4020 4924
4021 4675
4022 5307
4023 5983
4024 5602
4025 4550
4026 6079
4027 6256
4028 6021
4029 4932
4030 5570
4031 4627
4032 5460
4033 4740
4034 4449
4035 5711
4036 5748
4037 6141
4038 5313
4039 5610
4040 4546
4041 4822
4042 5827
4043 6020
4044 5148
4045 4609
4046 4982
4047 6266
4048 4387
4049 5542
4050 5236
4051 5274
4052 6064
4053 5924
4054 5431
4055 6204
4056 5920
4057 4350
4058 4467
4059 4326
4060 5759
4061 4579
4062 5573
4063 6243
4064 4504
4065 5423
4066 6094
4067 4963
4068 5423
4069 5637
4070 5051
4071 5691
4072 4837
4073 5710
4074 6137
4075 5196
4076 4298
4077 6235
4078 5345
4079 5866
4080 6216
4081 4531
4082 4330
4083 4900
4084 5302
4085 6104
4086 4324
4087 4989
4088 5509
4089 4368
4090 5746
4091 5620
4092 4940
4093 6179
4094 4855
4095 6310
4096 5346
4097 4548
4098 5618
4099 5582
4100 5785
4101 4315
4102 4987
4103 5475
4104 5581
4105 5474
4106 6319
4107 5369
4108 4832
4109 5104
4110 5153
4111 6195
4112 5915
4113 6164
4114 5568
4115 6251
4116 6122
4117 4406
4118 4547
4119 5030
4120 4652
4121 6033
4122 6096
4123 5784
4124 4872
4125 6347
4126 4918
4127 4972
4128 4649
4129 5822
4130 5717
4131 5374
4132 5374
4133 4835
4134 5124
4135 5641
4136 5163
4137 4806
4138 4423
4139 5338
4140 5215
4141 5779
4142 5155
4143 6358
4144 5047
4145 4645
4146 5402
4147 5734
4148 5376
4149 5345
4150 5519
4151 5657
4152 5861
4153 4674
4154 4824
4155 4458
4156 4963
4157 4793
4158 4345
4159 5623
4160 5793
4161 5479
4162 5139
4163 5871
4164 4631
4165 5100
4166 6248
4167 5111
4168 5566
4169 5412
4170 6307
4171 6355
4172 5733
4173 5090
4174 5282
4175 4301
4176 5914
4177 4933
4178 4789
4179 6072
4180 5482
4181 4716
4182 4419
4183 6250
4184 6088
4185 6154
4186 4290
4187 5116
4188 5472
4189 4538
4190 5520
4191 5927
4192 5698
4193 5080
4194 4530
4195 5889
4196 6082
4197 5501
4198 4365
4199 6107
4200 5732
4201 5664
4202 5594
4203 5379
4204 4915
4205 5209
4206 5982
4207 4829
4208 4456
4209 6027
4210 6354
4211 5493
4212 4720
4213 4720
4214 4925
4215 5124
4216 5705
4217 5708
4218 4326
4219 4999
4220 5979
4221 5814
4222 5060
4223 5434
4224 4802
4225 5253
4226 5773
4227 4695
4228 5337
4229 5696
4230 4501
4231 5692
4232 4495
4233 5196
4234 6299
4235 4682
4236 5667
4237 4808
4238 5569
4239 4525
4240 5452
4241 6193
4242 4679
4243 4554
4244 5503
4245 4717
4246 5396
4247 5416
4248 4492
4249 4358
4250 4438
4251 5402
4252 5064
4253 4358
4254 5713
4255 4704
4256 4831
4257 6277
4258 5921
4259 5315
4260 6265
4261 4326
4262 4494
4263 5116
4264 5173
4265 5264
4266 5752
4267 5053
4268 6174
4269 6203
4270 4414
4271 6078
4272 5972
4273 4399
4274 4808
4275 6059
4276 4444
4277 4677
